0.2 123 12734 6604 12663 6322
2 170 12734 6604 12663 6322
2.2 10 12734 6604 12663 6322
0.1 141 155 4136 13404 7032
0.2 2 155 4136 13404 7032
0.3 2 155 4136 13404 7032
0.4 2 155 4136 13404 7032
0.5 2 155 4136 13404 7032
0.6 2 155 4136 13404 7032
0.7 2 155 4136 13404 7032
0.8 2 155 4136 13404 7032
0.9 2 155 4136 13404 7032
1 2 155 4136 13404 7032
1.1 2 155 4136 13404 7032
1.2 2 155 4136 13404 7032
1.3 2 155 4136 13404 7032
1.4 2 155 4136 13404 7032
1.5 2 155 4136 13404 7032
1.6 2 155 4136 13404 7032
1.7 2 155 4136 13404 7032
1.8 2 155 4136 13404 7032
1.9 2 155 4136 13404 7032
2 2 155 4136 13404 7032
2.1 2 155 4136 13404 7032
2.2 2 155 4136 13404 7032
2.3 2 155 4136 13404 7032
2.4 2 155 4136 13404 7032
2.5 2 155 4136 13404 7032
0.2 87 260 1145 386 1007
0.3 63 260 1145 386 1007
0.4 72 260 1145 386 1007
0.5 71 260 1145 386 1007
0.6 72 260 1145 386 1007
0.7 79 260 1145 386 1007
0.8 108 260 1145 386 1007
0.9 73 260 1145 386 1007
1.1 85 260 1145 386 1007
1.2 75 260 1145 386 1007
1.3 108 260 1145 386 1007
1.4 90 260 1145 386 1007
1.5 7 260 1145 386 1007
1.6 92 260 1145 386 1007
1.7 108 260 1145 386 1007
1.8 111 260 1145 386 1007
2 136 260 1145 386 1007
0.1 62 2944 6067 3100 6231
0.3 111 2944 6067 3100 6231
0.5 97 2944 6067 3100 6231
0.6 76 2944 6067 3100 6231
0.8 99 2944 6067 3100 6231
1.2 95 2944 6067 3100 6231
1.4 100 2944 6067 3100 6231
1.5 136 2944 6067 3100 6231
0.1 1325 10477 10406 10157 6566
0.2 1328 10477 10406 10157 6566
0.3 1514 10477 10406 10157 6566
0.4 1473 10477 10406 10157 6566
0.5 1600 10477 10406 10157 6566
0.6 1536 10477 10406 10157 6566
0.7 1664 10477 10406 10157 6566
0.8 1669 10477 10406 10157 6566
1 1821 10477 10406 10157 6566
1.3 1911 10477 10406 10157 6566
1.4 1963 10477 10406 10157 6566
1.5 1948 10477 10406 10157 6566
0.1 530 7777 14758 7654 13406
0.2 566 7777 14758 7654 13406
0.3 529 7777 14758 7654 13406
0.4 567 7777 14758 7654 13406
0.5 590 7777 14758 7654 13406
0.6 588 7777 14758 7654 13406
0.7 620 7777 14758 7654 13406
0.8 16 7777 14758 7654 13406
0.9 637 7777 14758 7654 13406
1 674 7777 14758 7654 13406
1.2 775 7777 14758 7654 13406
1.3 736 7777 14758 7654 13406
1.4 663 7777 14758 7654 13406
1.5 709 7777 14758 7654 13406
1.6 804 7777 14758 7654 13406
1.7 780 7777 14758 7654 13406
1.8 797 7777 14758 7654 13406
1.9 945 7777 14758 7654 13406
2 6 7777 14758 7654 13406
2.1 1047 7777 14758 7654 13406
2.2 1071 7777 14758 7654 13406
2.4 1148 7777 14758 7654 13406
2.5 1268 7777 14758 7654 13406
0.6 278 8144 8264 7658 8768
1.1 376 4528 7183 4053 6478
1.2 1 4528 7183 4053 6478
0.2 203 3261 898 3761 784
0.3 224 3261 898 3761 784
0.4 223 3261 898 3761 784
0.6 248 3261 898 3761 784
1.2 59 3261 898 3761 784
1.6 256 3261 898 3761 784
1.7 14 3261 898 3761 784
0.1 36 4934 2216 4886 2166
0.2 24 4934 2216 4886 2166
0.3 20 4934 2216 4886 2166
0.5 22 4934 2216 4886 2166
0.6 31 4934 2216 4886 2166
0.7 50 4934 2216 4886 2166
0.8 29 4934 2216 4886 2166
0.9 46 4934 2216 4886 2166
1.2 65 4934 2216 4886 2166
1.3 27 4934 2216 4886 2166
1.4 41 4934 2216 4886 2166
1.5 38 4934 2216 4886 2166
1.6 62 4934 2216 4886 2166
1.7 44 4934 2216 4886 2166
1.8 29 4934 2216 4886 2166
1.9 62 4934 2216 4886 2166
2 44 4934 2216 4886 2166
2.1 54 4934 2216 4886 2166
2.3 62 4934 2216 4886 2166
2.4 50 4934 2216 4886 2166
0.1 82 6666 7014 6587 7162
0.6 54 6666 7014 6587 7162
0.7 81 6666 7014 6587 7162
1 118 6666 7014 6587 7162
1.1 20 6666 7014 6587 7162
2.5 130 6666 7014 6587 7162
0.1 31 10796 12321 10791 12294
0.3 22 10796 12321 10791 12294
0.4 12 10796 12321 10791 12294
0.6 17 10796 12321 10791 12294
0.7 25 10796 12321 10791 12294
1.1 28 10796 12321 10791 12294
1.2 36 10796 12321 10791 12294
1.3 20 10796 12321 10791 12294
1.4 16 10796 12321 10791 12294
1.5 6 10796 12321 10791 12294
1.7 19 10796 12321 10791 12294
1.8 16 10796 12321 10791 12294
1.9 18 10796 12321 10791 12294
2.1 25 10796 12321 10791 12294
2.2 5 10796 12321 10791 12294
2.3 16 10796 12321 10791 12294
2.4 4 10796 12321 10791 12294
2.5 5 10796 12321 10791 12294
0.1 1120 9084 9081 6906 6882
0.8 5629 15180 7606 3368 7032
0.3 169 2564 1317 2918 986
0.6 209 2564 1317 2918 986
0.7 179 2564 1317 2918 986
0.9 171 2564 1317 2918 986
1.2 231 2564 1317 2918 986
2 310 2564 1317 2918 986
0.6 17 13622 14699 3937 673
0.7 2 13622 14699 3937 673
0.8 2 13622 14699 3937 673
0.9 2 13622 14699 3937 673
1 2 13622 14699 3937 673
1.1 2 13622 14699 3937 673
1.2 2 13622 14699 3937 673
1.3 2 13622 14699 3937 673
1.4 2 13622 14699 3937 673
1.5 2 13622 14699 3937 673
1.6 2 13622 14699 3937 673
1.7 2 13622 14699 3937 673
1.8 2 13622 14699 3937 673
1.9 2 13622 14699 3937 673
2 2 13622 14699 3937 673
2.1 2 13622 14699 3937 673
2.2 2 13622 14699 3937 673
2.3 2 13622 14699 3937 673
2.4 2 13622 14699 3937 673
2.5 2 13622 14699 3937 673
0.3 690 10291 4668 9532 3491
0.7 572 10291 4668 9532 3491
1.8 901 10291 4668 9532 3491
1.9 902 10291 4668 9532 3491
1.1 659 8242 13987 7133 12776
0.4 1652 14238 7981 11406 4394
0.4 360 8254 4629 7662 3806
0.7 328 12841 4081 12666 3162
0.1 7 8356 11746 8367 11739
0.2 9 8356 11746 8367 11739
0.3 15 8356 11746 8367 11739
0.4 9 8356 11746 8367 11739
0.5 10 8356 11746 8367 11739
0.6 12 8356 11746 8367 11739
0.7 11 8356 11746 8367 11739
0.8 10 8356 11746 8367 11739
0.9 8 8356 11746 8367 11739
1 15 8356 11746 8367 11739
1.1 14 8356 11746 8367 11739
1.2 9 8356 11746 8367 11739
1.3 5 8356 11746 8367 11739
1.4 10 8356 11746 8367 11739
1.5 8 8356 11746 8367 11739
1.6 14 8356 11746 8367 11739
1.7 18 8356 11746 8367 11739
1.8 16 8356 11746 8367 11739
1.9 14 8356 11746 8367 11739
2 9 8356 11746 8367 11739
2.1 3 8356 11746 8367 11739
2.2 19 8356 11746 8367 11739
2.3 5 8356 11746 8367 11739
2.4 19 8356 11746 8367 11739
2.5 16 8356 11746 8367 11739
0.6 2979 8321 7334 14580 7030
0.2 274 6214 12474 5707 11936
0.3 280 6214 12474 5707 11936
0.6 311 6214 12474 5707 11936
0.7 264 6214 12474 5707 11936
0.8 276 6214 12474 5707 11936
1 337 6214 12474 5707 11936
1.2 332 6214 12474 5707 11936
1.3 24 1137 1548 13300 5205
1.4 2 1137 1548 13300 5205
1.5 2 1137 1548 13300 5205
1.6 2 1137 1548 13300 5205
1.7 2 1137 1548 13300 5205
1.8 2 1137 1548 13300 5205
1.9 2 1137 1548 13300 5205
2 2 1137 1548 13300 5205
2.1 2 1137 1548 13300 5205
2.2 2 1137 1548 13300 5205
2.3 2 1137 1548 13300 5205
2.4 2 1137 1548 13300 5205
2.5 2 1137 1548 13300 5205
0.2 288 4116 2239 3913 2918
0.1 79 15271 3923 15297 4171
0.4 94 15271 3923 15297 4171
1.3 103 15271 3923 15297 4171
1.4 116 15271 3923 15297 4171
1.8 139 15271 3923 15297 4171
0.2 406 7873 6163 7082 5782
0.3 382 7873 6163 7082 5782
0.5 426 7873 6163 7082 5782
0.8 482 7873 6163 7082 5782
1.1 443 7873 6163 7082 5782
1.2 481 7873 6163 7082 5782
1.4 536 7873 6163 7082 5782
1.5 465 7873 6163 7082 5782
0.2 2623 7810 15186 7032 8348
0.4 2791 7810 15186 7032 8348
0.1 407 6034 9012 5409 8317
0.2 371 6034 9012 5409 8317
1.5 513 6034 9012 5409 8317
0.5 107 12156 4073 12064 4364
0.1 105 15177 7803 4052 14026
0.2 1 15177 7803 4052 14026
0.3 1 15177 7803 4052 14026
0.4 1 15177 7803 4052 14026
0.5 1 15177 7803 4052 14026
0.6 1 15177 7803 4052 14026
0.7 1 15177 7803 4052 14026
0.8 1 15177 7803 4052 14026
0.9 1 15177 7803 4052 14026
1 1 15177 7803 4052 14026
1.1 1 15177 7803 4052 14026
1.2 1 15177 7803 4052 14026
1.3 1 15177 7803 4052 14026
1.4 1 15177 7803 4052 14026
1.5 1 15177 7803 4052 14026
1.6 1 15177 7803 4052 14026
1.7 1 15177 7803 4052 14026
1.8 1 15177 7803 4052 14026
1.9 1 15177 7803 4052 14026
2 1 15177 7803 4052 14026
2.1 1 15177 7803 4052 14026
2.2 1 15177 7803 4052 14026
2.3 1 15177 7803 4052 14026
2.4 1 15177 7803 4052 14026
2.5 1 15177 7803 4052 14026
0.3 81 1591 2941 1426 2833
0.5 67 1591 2941 1426 2833
1.4 108 1591 2941 1426 2833
1.5 99 1591 2941 1426 2833
1.7 12 1591 2941 1426 2833
0.2 88 6566 3943 6510 4155
0.6 73 6566 3943 6510 4155
0.2 242 7683 8101 7181 8688
0.2 200 3566 6667 3907 7093
0.1 40 15532 7663 15411 7646
0.3 59 15532 7663 15411 7646
0.6 50 15532 7663 15411 7646
0.9 116 15532 7663 15411 7646
0.2 553 3940 13735 3909 15241
0.3 613 8211 13841 3905 326
0.4 2 8211 13841 3905 326
0.5 2 8211 13841 3905 326
0.6 2 8211 13841 3905 326
0.7 2 8211 13841 3905 326
0.8 2 8211 13841 3905 326
0.9 2 8211 13841 3905 326
1 2 8211 13841 3905 326
1.1 2 8211 13841 3905 326
1.2 2 8211 13841 3905 326
1.3 2 8211 13841 3905 326
1.4 2 8211 13841 3905 326
1.5 2 8211 13841 3905 326
1.6 2 8211 13841 3905 326
1.7 2 8211 13841 3905 326
1.8 2 8211 13841 3905 326
1.9 2 8211 13841 3905 326
2 2 8211 13841 3905 326
2.1 2 8211 13841 3905 326
2.2 2 8211 13841 3905 326
2.3 2 8211 13841 3905 326
2.4 2 8211 13841 3905 326
2.5 2 8211 13841 3905 326
0.4 287 13820 5085 13355 4476
0.8 351 13820 5085 13355 4476
1.5 426 13820 5085 13355 4476
1.6 5 13820 5085 13355 4476
1.7 12 13820 5085 13355 4476
0.5 770 4462 5156 3274 3761
0.1 76 8952 9051 8806 8944
0.7 88 8952 9051 8806 8944
1 93 8952 9051 8806 8944
1.2 93 8952 9051 8806 8944
1.4 88 8952 9051 8806 8944
1.5 82 8952 9051 8806 8944
1.6 79 8952 9051 8806 8944
1.7 95 8952 9051 8806 8944
1.8 118 8952 9051 8806 8944
1.9 12 8952 9051 8806 8944
2.2 140 8952 9051 8806 8944
2.3 13 8952 9051 8806 8944
2.4 18 8952 9051 8806 8944
0.2 203 7657 11887 8034 11494
0.4 201 7657 11887 8034 11494
0.6 168 7657 11887 8034 11494
0.7 221 7657 11887 8034 11494
0.2 980 4196 10348 6796 10156
0.4 1074 4196 10348 6796 10156
0.6 1056 4196 10348 6796 10156
0.8 1210 4196 10348 6796 10156
1 1125 4196 10348 6796 10156
1.1 1162 4196 10348 6796 10156
1.2 1267 4196 10348 6796 10156
2.1 1685 4196 10348 6796 10156
2.2 4 4196 10348 6796 10156
0.1 1413 4527 4508 3906 522
0.5 1397 4527 4508 3906 522
0.7 1662 4527 4508 3906 522
0.8 1553 4527 4508 3906 522
0.9 1705 4527 4508 3906 522
1.1 1802 4527 4508 3906 522
1.2 1759 4527 4508 3906 522
1.4 1783 4527 4508 3906 522
2 2270 4527 4508 3906 522
2.2 2463 4527 4508 3906 522
0.1 1097 794 791 3738 781
0.3 1061 794 791 3738 781
0.5 1225 794 791 3738 781
0.7 1259 794 791 3738 781
0.9 1206 794 791 3738 781
1 1307 794 791 3738 781
1.4 1450 794 791 3738 781
1.6 1608 794 791 3738 781
1.8 1723 794 791 3738 781
1.9 1841 794 791 3738 781
2 4 794 791 3738 781
2.1 1893 794 791 3738 781
2.3 1952 794 791 3738 781
2.4 5 794 791 3738 781
2.5 2185 794 791 3738 781
0.7 59 4065 11611 4021 11422
0.8 11 4065 11611 4021 11422
0.9 104 4065 11611 4021 11422
0.7 4595 3821 13330 3904 3152
1.3 5190 3821 13330 3904 3152
1.5 2780 3821 13330 3904 3152
2.1 7518 3821 13330 3904 3152
2.3 1100 3821 13330 3904 3152
2.5 5417 3821 13330 3904 3152
0.1 841 7676 4532 6041 2936
0.2 828 7676 4532 6041 2936
0.1 94 364 444 155 545
0.3 89 364 444 155 545
0.7 109 364 444 155 545
1.2 127 364 444 155 545
1.9 81 364 444 155 545
2 5 364 444 155 545
