0.1 31251 13372 14308 5315 8706
0.2 31251 13372 14308 5315 8706
0.3 31251 13372 14308 5315 8706
0.4 31251 13372 14308 5315 8706
0.5 31251 13372 14308 5315 8706
0.6 31251 13372 14308 5315 8706
0.7 31251 13372 14308 5315 8706
0.8 31251 13372 14308 5315 8706
0.9 31251 13372 14308 5315 8706
1 31251 13372 14308 5315 8706
1.1 31251 13372 14308 5315 8706
1.2 31251 13372 14308 5315 8706
1.3 31251 13372 14308 5315 8706
1.4 31251 13372 14308 5315 8706
1.5 31251 13372 14308 5315 8706
1.6 31251 13372 14308 5315 8706
1.7 31251 13372 14308 5315 8706
1.8 31251 13372 14308 5315 8706
1.9 31251 13372 14308 5315 8706
2 31251 13372 14308 5315 8706
2.1 31251 13372 14308 5315 8706
2.2 31251 13372 14308 5315 8706
2.3 31251 13372 14308 5315 8706
2.4 31251 13372 14308 5315 8706
2.5 31251 13372 14308 5315 8706
0.1 31251 7071 7846 11231 11401
0.2 31251 7071 7846 11231 11401
0.3 31251 7071 7846 11231 11401
0.4 31251 7071 7846 11231 11401
0.5 31251 7071 7846 11231 11401
0.6 31251 7071 7846 11231 11401
0.7 31251 7071 7846 11231 11401
0.8 31251 7071 7846 11231 11401
0.9 31251 7071 7846 11231 11401
1 31251 7071 7846 11231 11401
1.1 31251 7071 7846 11231 11401
1.2 31251 7071 7846 11231 11401
1.3 31251 7071 7846 11231 11401
1.4 31251 7071 7846 11231 11401
1.5 31251 7071 7846 11231 11401
1.6 31251 7071 7846 11231 11401
1.7 31251 7071 7846 11231 11401
1.8 31251 7071 7846 11231 11401
1.9 31251 7071 7846 11231 11401
2 31251 7071 7846 11231 11401
2.1 31251 7071 7846 11231 11401
2.2 31251 7071 7846 11231 11401
2.3 31251 7071 7846 11231 11401
2.4 31251 7071 7846 11231 11401
2.5 31251 7071 7846 11231 11401
0.1 31251 1030 2725 2055 2485
0.2 31251 1030 2725 2055 2485
0.3 31251 1030 2725 2055 2485
0.4 31251 1030 2725 2055 2485
0.5 31251 1030 2725 2055 2485
0.6 31251 1030 2725 2055 2485
0.7 31251 1030 2725 2055 2485
0.8 31251 1030 2725 2055 2485
0.9 31251 1030 2725 2055 2485
1 31251 1030 2725 2055 2485
1.1 31251 1030 2725 2055 2485
1.2 31251 1030 2725 2055 2485
1.3 31251 1030 2725 2055 2485
1.4 31251 1030 2725 2055 2485
1.5 31251 1030 2725 2055 2485
1.6 31251 1030 2725 2055 2485
1.7 31251 1030 2725 2055 2485
1.8 31251 1030 2725 2055 2485
1.9 31251 1030 2725 2055 2485
2 31251 1030 2725 2055 2485
2.1 31251 1030 2725 2055 2485
2.2 31251 1030 2725 2055 2485
2.3 31251 1030 2725 2055 2485
2.4 31251 1030 2725 2055 2485
2.5 31251 1030 2725 2055 2485
0.1 31251 5762 13156 5895 4880
0.2 31251 5762 13156 5895 4880
0.3 31251 5762 13156 5895 4880
0.4 31251 5762 13156 5895 4880
0.5 31251 5762 13156 5895 4880
0.6 31251 5762 13156 5895 4880
0.7 31251 5762 13156 5895 4880
0.8 31251 5762 13156 5895 4880
0.9 31251 5762 13156 5895 4880
1 31251 5762 13156 5895 4880
1.1 31251 5762 13156 5895 4880
1.2 31251 5762 13156 5895 4880
1.3 31251 5762 13156 5895 4880
1.4 31251 5762 13156 5895 4880
1.5 31251 5762 13156 5895 4880
1.6 31251 5762 13156 5895 4880
1.7 31251 5762 13156 5895 4880
1.8 31251 5762 13156 5895 4880
1.9 31251 5762 13156 5895 4880
2 31251 5762 13156 5895 4880
2.1 31251 5762 13156 5895 4880
2.2 31251 5762 13156 5895 4880
2.3 31251 5762 13156 5895 4880
2.4 31251 5762 13156 5895 4880
2.5 31251 5762 13156 5895 4880
0.1 31251 7266 11537 1166 241
0.2 31251 7266 11537 1166 241
0.3 31251 7266 11537 1166 241
0.4 31251 7266 11537 1166 241
0.5 31251 7266 11537 1166 241
0.6 31251 7266 11537 1166 241
0.7 31251 7266 11537 1166 241
0.8 31251 7266 11537 1166 241
0.9 31251 7266 11537 1166 241
1 31251 7266 11537 1166 241
1.1 31251 7266 11537 1166 241
1.2 31251 7266 11537 1166 241
1.3 31251 7266 11537 1166 241
1.4 31251 7266 11537 1166 241
1.5 31251 7266 11537 1166 241
1.6 31251 7266 11537 1166 241
1.7 31251 7266 11537 1166 241
1.8 31251 7266 11537 1166 241
1.9 31251 7266 11537 1166 241
2 31251 7266 11537 1166 241
2.1 31251 7266 11537 1166 241
2.2 31251 7266 11537 1166 241
2.3 31251 7266 11537 1166 241
2.4 31251 7266 11537 1166 241
2.5 31251 7266 11537 1166 241
0.1 31251 14156 8992 7292 13593
0.2 31251 14156 8992 7292 13593
0.3 31251 14156 8992 7292 13593
0.4 31251 14156 8992 7292 13593
0.5 31251 14156 8992 7292 13593
0.6 31251 14156 8992 7292 13593
0.7 31251 14156 8992 7292 13593
0.8 31251 14156 8992 7292 13593
0.9 31251 14156 8992 7292 13593
1 31251 14156 8992 7292 13593
1.1 31251 14156 8992 7292 13593
1.2 31251 14156 8992 7292 13593
1.3 31251 14156 8992 7292 13593
1.4 31251 14156 8992 7292 13593
1.5 31251 14156 8992 7292 13593
1.6 31251 14156 8992 7292 13593
1.7 31251 14156 8992 7292 13593
1.8 31251 14156 8992 7292 13593
1.9 31251 14156 8992 7292 13593
2 31251 14156 8992 7292 13593
2.1 31251 14156 8992 7292 13593
2.2 31251 14156 8992 7292 13593
2.3 31251 14156 8992 7292 13593
2.4 31251 14156 8992 7292 13593
2.5 31251 14156 8992 7292 13593
0.1 31251 11792 4334 12297 10831
0.2 31251 11792 4334 12297 10831
0.3 31251 11792 4334 12297 10831
0.4 31251 11792 4334 12297 10831
0.5 31251 11792 4334 12297 10831
0.6 31251 11792 4334 12297 10831
0.7 31251 11792 4334 12297 10831
0.8 31251 11792 4334 12297 10831
0.9 31251 11792 4334 12297 10831
1 31251 11792 4334 12297 10831
1.1 31251 11792 4334 12297 10831
1.2 31251 11792 4334 12297 10831
1.3 31251 11792 4334 12297 10831
1.4 31251 11792 4334 12297 10831
1.5 31251 11792 4334 12297 10831
1.6 31251 11792 4334 12297 10831
1.7 31251 11792 4334 12297 10831
1.8 31251 11792 4334 12297 10831
1.9 31251 11792 4334 12297 10831
2 31251 11792 4334 12297 10831
2.1 31251 11792 4334 12297 10831
2.2 31251 11792 4334 12297 10831
2.3 31251 11792 4334 12297 10831
2.4 31251 11792 4334 12297 10831
2.5 31251 11792 4334 12297 10831
0.1 31251 944 2486 11111 9049
0.2 31251 944 2486 11111 9049
0.3 31251 944 2486 11111 9049
0.4 31251 944 2486 11111 9049
0.5 31251 944 2486 11111 9049
0.6 31251 944 2486 11111 9049
0.7 31251 944 2486 11111 9049
0.8 31251 944 2486 11111 9049
0.9 31251 944 2486 11111 9049
1 31251 944 2486 11111 9049
1.1 31251 944 2486 11111 9049
1.2 31251 944 2486 11111 9049
1.3 31251 944 2486 11111 9049
1.4 31251 944 2486 11111 9049
1.5 31251 944 2486 11111 9049
1.6 31251 944 2486 11111 9049
1.7 31251 944 2486 11111 9049
1.8 31251 944 2486 11111 9049
1.9 31251 944 2486 11111 9049
2 31251 944 2486 11111 9049
2.1 31251 944 2486 11111 9049
2.2 31251 944 2486 11111 9049
2.3 31251 944 2486 11111 9049
2.4 31251 944 2486 11111 9049
2.5 31251 944 2486 11111 9049
0.1 31251 11532 10246 3982 12532
0.2 31251 11532 10246 3982 12532
0.3 31251 11532 10246 3982 12532
0.4 31251 11532 10246 3982 12532
0.5 31251 11532 10246 3982 12532
0.6 31251 11532 10246 3982 12532
0.7 31251 11532 10246 3982 12532
0.8 31251 11532 10246 3982 12532
0.9 31251 11532 10246 3982 12532
1 31251 11532 10246 3982 12532
1.1 31251 11532 10246 3982 12532
1.2 31251 11532 10246 3982 12532
1.3 31251 11532 10246 3982 12532
1.4 31251 11532 10246 3982 12532
1.5 31251 11532 10246 3982 12532
1.6 31251 11532 10246 3982 12532
1.7 31251 11532 10246 3982 12532
1.8 31251 11532 10246 3982 12532
1.9 31251 11532 10246 3982 12532
2 31251 11532 10246 3982 12532
2.1 31251 11532 10246 3982 12532
2.2 31251 11532 10246 3982 12532
2.3 31251 11532 10246 3982 12532
2.4 31251 11532 10246 3982 12532
2.5 31251 11532 10246 3982 12532
0.1 31251 14275 4931 5817 2858
0.2 31251 14275 4931 5817 2858
0.3 31251 14275 4931 5817 2858
0.4 31251 14275 4931 5817 2858
0.5 31251 14275 4931 5817 2858
0.6 31251 14275 4931 5817 2858
0.7 31251 14275 4931 5817 2858
0.8 31251 14275 4931 5817 2858
0.9 31251 14275 4931 5817 2858
1 31251 14275 4931 5817 2858
1.1 31251 14275 4931 5817 2858
1.2 31251 14275 4931 5817 2858
1.3 31251 14275 4931 5817 2858
1.4 31251 14275 4931 5817 2858
1.5 31251 14275 4931 5817 2858
1.6 31251 14275 4931 5817 2858
1.7 31251 14275 4931 5817 2858
1.8 31251 14275 4931 5817 2858
1.9 31251 14275 4931 5817 2858
2 31251 14275 4931 5817 2858
2.1 31251 14275 4931 5817 2858
2.2 31251 14275 4931 5817 2858
2.3 31251 14275 4931 5817 2858
2.4 31251 14275 4931 5817 2858
2.5 31251 14275 4931 5817 2858
0.1 31251 5553 5157 1398 1131
0.2 31251 5553 5157 1398 1131
0.3 31251 5553 5157 1398 1131
0.4 31251 5553 5157 1398 1131
0.5 31251 5553 5157 1398 1131
0.6 31251 5553 5157 1398 1131
0.7 31251 5553 5157 1398 1131
0.8 31251 5553 5157 1398 1131
0.9 31251 5553 5157 1398 1131
1 31251 5553 5157 1398 1131
1.1 31251 5553 5157 1398 1131
1.2 31251 5553 5157 1398 1131
1.3 31251 5553 5157 1398 1131
1.4 31251 5553 5157 1398 1131
1.5 31251 5553 5157 1398 1131
1.6 31251 5553 5157 1398 1131
1.7 31251 5553 5157 1398 1131
1.8 31251 5553 5157 1398 1131
1.9 31251 5553 5157 1398 1131
2 31251 5553 5157 1398 1131
2.1 31251 5553 5157 1398 1131
2.2 31251 5553 5157 1398 1131
2.3 31251 5553 5157 1398 1131
2.4 31251 5553 5157 1398 1131
2.5 31251 5553 5157 1398 1131
0.1 31251 13189 7739 3864 3364
0.2 31251 13189 7739 3864 3364
0.3 31251 13189 7739 3864 3364
0.4 31251 13189 7739 3864 3364
0.5 31251 13189 7739 3864 3364
0.6 31251 13189 7739 3864 3364
0.7 31251 13189 7739 3864 3364
0.8 31251 13189 7739 3864 3364
0.9 31251 13189 7739 3864 3364
1 31251 13189 7739 3864 3364
1.1 31251 13189 7739 3864 3364
1.2 31251 13189 7739 3864 3364
1.3 31251 13189 7739 3864 3364
1.4 31251 13189 7739 3864 3364
1.5 31251 13189 7739 3864 3364
1.6 31251 13189 7739 3864 3364
1.7 31251 13189 7739 3864 3364
1.8 31251 13189 7739 3864 3364
1.9 31251 13189 7739 3864 3364
2 31251 13189 7739 3864 3364
2.1 31251 13189 7739 3864 3364
2.2 31251 13189 7739 3864 3364
2.3 31251 13189 7739 3864 3364
2.4 31251 13189 7739 3864 3364
2.5 31251 13189 7739 3864 3364
0.1 31251 4215 5831 9652 9757
0.2 31251 4215 5831 9652 9757
0.3 31251 4215 5831 9652 9757
0.4 31251 4215 5831 9652 9757
0.5 31251 4215 5831 9652 9757
0.6 31251 4215 5831 9652 9757
0.7 31251 4215 5831 9652 9757
0.8 31251 4215 5831 9652 9757
0.9 31251 4215 5831 9652 9757
1 31251 4215 5831 9652 9757
1.1 31251 4215 5831 9652 9757
1.2 31251 4215 5831 9652 9757
1.3 31251 4215 5831 9652 9757
1.4 31251 4215 5831 9652 9757
1.5 31251 4215 5831 9652 9757
1.6 31251 4215 5831 9652 9757
1.7 31251 4215 5831 9652 9757
1.8 31251 4215 5831 9652 9757
1.9 31251 4215 5831 9652 9757
2 31251 4215 5831 9652 9757
2.1 31251 4215 5831 9652 9757
2.2 31251 4215 5831 9652 9757
2.3 31251 4215 5831 9652 9757
2.4 31251 4215 5831 9652 9757
2.5 31251 4215 5831 9652 9757
0.1 31251 7458 13053 2930 3991
0.2 31251 7458 13053 2930 3991
0.3 31251 7458 13053 2930 3991
0.4 31251 7458 13053 2930 3991
0.5 31251 7458 13053 2930 3991
0.6 31251 7458 13053 2930 3991
0.7 31251 7458 13053 2930 3991
0.8 31251 7458 13053 2930 3991
0.9 31251 7458 13053 2930 3991
1 31251 7458 13053 2930 3991
1.1 31251 7458 13053 2930 3991
1.2 31251 7458 13053 2930 3991
1.3 31251 7458 13053 2930 3991
1.4 31251 7458 13053 2930 3991
1.5 31251 7458 13053 2930 3991
1.6 31251 7458 13053 2930 3991
1.7 31251 7458 13053 2930 3991
1.8 31251 7458 13053 2930 3991
1.9 31251 7458 13053 2930 3991
2 31251 7458 13053 2930 3991
2.1 31251 7458 13053 2930 3991
2.2 31251 7458 13053 2930 3991
2.3 31251 7458 13053 2930 3991
2.4 31251 7458 13053 2930 3991
2.5 31251 7458 13053 2930 3991
0.1 31251 5678 11932 13676 6829
0.2 31251 5678 11932 13676 6829
0.3 31251 5678 11932 13676 6829
0.4 31251 5678 11932 13676 6829
0.5 31251 5678 11932 13676 6829
0.6 31251 5678 11932 13676 6829
0.7 31251 5678 11932 13676 6829
0.8 31251 5678 11932 13676 6829
0.9 31251 5678 11932 13676 6829
1 31251 5678 11932 13676 6829
1.1 31251 5678 11932 13676 6829
1.2 31251 5678 11932 13676 6829
1.3 31251 5678 11932 13676 6829
1.4 31251 5678 11932 13676 6829
1.5 31251 5678 11932 13676 6829
1.6 31251 5678 11932 13676 6829
1.7 31251 5678 11932 13676 6829
1.8 31251 5678 11932 13676 6829
1.9 31251 5678 11932 13676 6829
2 31251 5678 11932 13676 6829
2.1 31251 5678 11932 13676 6829
2.2 31251 5678 11932 13676 6829
2.3 31251 5678 11932 13676 6829
2.4 31251 5678 11932 13676 6829
2.5 31251 5678 11932 13676 6829
0.1 31251 2908 5847 9209 10819
0.2 31251 2908 5847 9209 10819
0.3 31251 2908 5847 9209 10819
0.4 31251 2908 5847 9209 10819
0.5 31251 2908 5847 9209 10819
0.6 31251 2908 5847 9209 10819
0.7 31251 2908 5847 9209 10819
0.8 31251 2908 5847 9209 10819
0.9 31251 2908 5847 9209 10819
1 31251 2908 5847 9209 10819
1.1 31251 2908 5847 9209 10819
1.2 31251 2908 5847 9209 10819
1.3 31251 2908 5847 9209 10819
1.4 31251 2908 5847 9209 10819
1.5 31251 2908 5847 9209 10819
1.6 31251 2908 5847 9209 10819
1.7 31251 2908 5847 9209 10819
1.8 31251 2908 5847 9209 10819
1.9 31251 2908 5847 9209 10819
2 31251 2908 5847 9209 10819
2.1 31251 2908 5847 9209 10819
2.2 31251 2908 5847 9209 10819
2.3 31251 2908 5847 9209 10819
2.4 31251 2908 5847 9209 10819
2.5 31251 2908 5847 9209 10819
0.1 31251 3266 9883 10781 4757
0.2 31251 3266 9883 10781 4757
0.3 31251 3266 9883 10781 4757
0.4 31251 3266 9883 10781 4757
0.5 31251 3266 9883 10781 4757
0.6 31251 3266 9883 10781 4757
0.7 31251 3266 9883 10781 4757
0.8 31251 3266 9883 10781 4757
0.9 31251 3266 9883 10781 4757
1 31251 3266 9883 10781 4757
1.1 31251 3266 9883 10781 4757
1.2 31251 3266 9883 10781 4757
1.3 31251 3266 9883 10781 4757
1.4 31251 3266 9883 10781 4757
1.5 31251 3266 9883 10781 4757
1.6 31251 3266 9883 10781 4757
1.7 31251 3266 9883 10781 4757
1.8 31251 3266 9883 10781 4757
1.9 31251 3266 9883 10781 4757
2 31251 3266 9883 10781 4757
2.1 31251 3266 9883 10781 4757
2.2 31251 3266 9883 10781 4757
2.3 31251 3266 9883 10781 4757
2.4 31251 3266 9883 10781 4757
2.5 31251 3266 9883 10781 4757
0.1 31251 6196 1589 10396 8923
0.2 31251 6196 1589 10396 8923
0.3 31251 6196 1589 10396 8923
0.4 31251 6196 1589 10396 8923
0.5 31251 6196 1589 10396 8923
0.6 31251 6196 1589 10396 8923
0.7 31251 6196 1589 10396 8923
0.8 31251 6196 1589 10396 8923
0.9 31251 6196 1589 10396 8923
1 31251 6196 1589 10396 8923
1.1 31251 6196 1589 10396 8923
1.2 31251 6196 1589 10396 8923
1.3 31251 6196 1589 10396 8923
1.4 31251 6196 1589 10396 8923
1.5 31251 6196 1589 10396 8923
1.6 31251 6196 1589 10396 8923
1.7 31251 6196 1589 10396 8923
1.8 31251 6196 1589 10396 8923
1.9 31251 6196 1589 10396 8923
2 31251 6196 1589 10396 8923
2.1 31251 6196 1589 10396 8923
2.2 31251 6196 1589 10396 8923
2.3 31251 6196 1589 10396 8923
2.4 31251 6196 1589 10396 8923
2.5 31251 6196 1589 10396 8923
0.1 31251 11159 5502 7986 11736
0.2 31251 11159 5502 7986 11736
0.3 31251 11159 5502 7986 11736
0.4 31251 11159 5502 7986 11736
0.5 31251 11159 5502 7986 11736
0.6 31251 11159 5502 7986 11736
0.7 31251 11159 5502 7986 11736
0.8 31251 11159 5502 7986 11736
0.9 31251 11159 5502 7986 11736
1 31251 11159 5502 7986 11736
1.1 31251 11159 5502 7986 11736
1.2 31251 11159 5502 7986 11736
1.3 31251 11159 5502 7986 11736
1.4 31251 11159 5502 7986 11736
1.5 31251 11159 5502 7986 11736
1.6 31251 11159 5502 7986 11736
1.7 31251 11159 5502 7986 11736
1.8 31251 11159 5502 7986 11736
1.9 31251 11159 5502 7986 11736
2 31251 11159 5502 7986 11736
2.1 31251 11159 5502 7986 11736
2.2 31251 11159 5502 7986 11736
2.3 31251 11159 5502 7986 11736
2.4 31251 11159 5502 7986 11736
2.5 31251 11159 5502 7986 11736
0.1 31251 9622 4232 9282 9082
0.2 31251 9622 4232 9282 9082
0.3 31251 9622 4232 9282 9082
0.4 31251 9622 4232 9282 9082
0.5 31251 9622 4232 9282 9082
0.6 31251 9622 4232 9282 9082
0.7 31251 9622 4232 9282 9082
0.8 31251 9622 4232 9282 9082
0.9 31251 9622 4232 9282 9082
1 31251 9622 4232 9282 9082
1.1 31251 9622 4232 9282 9082
1.2 31251 9622 4232 9282 9082
1.3 31251 9622 4232 9282 9082
1.4 31251 9622 4232 9282 9082
1.5 31251 9622 4232 9282 9082
1.6 31251 9622 4232 9282 9082
1.7 31251 9622 4232 9282 9082
1.8 31251 9622 4232 9282 9082
1.9 31251 9622 4232 9282 9082
2 31251 9622 4232 9282 9082
2.1 31251 9622 4232 9282 9082
2.2 31251 9622 4232 9282 9082
2.3 31251 9622 4232 9282 9082
2.4 31251 9622 4232 9282 9082
2.5 31251 9622 4232 9282 9082
0.1 31251 8973 3973 10827 7703
0.2 31251 8973 3973 10827 7703
0.3 31251 8973 3973 10827 7703
0.4 31251 8973 3973 10827 7703
0.5 31251 8973 3973 10827 7703
0.6 31251 8973 3973 10827 7703
0.7 31251 8973 3973 10827 7703
0.8 31251 8973 3973 10827 7703
0.9 31251 8973 3973 10827 7703
1 31251 8973 3973 10827 7703
1.1 31251 8973 3973 10827 7703
1.2 31251 8973 3973 10827 7703
1.3 31251 8973 3973 10827 7703
1.4 31251 8973 3973 10827 7703
1.5 31251 8973 3973 10827 7703
1.6 31251 8973 3973 10827 7703
1.7 31251 8973 3973 10827 7703
1.8 31251 8973 3973 10827 7703
1.9 31251 8973 3973 10827 7703
2 31251 8973 3973 10827 7703
2.1 31251 8973 3973 10827 7703
2.2 31251 8973 3973 10827 7703
2.3 31251 8973 3973 10827 7703
2.4 31251 8973 3973 10827 7703
2.5 31251 8973 3973 10827 7703
0.1 31251 5386 11020 3796 3987
0.2 31251 5386 11020 3796 3987
0.3 31251 5386 11020 3796 3987
0.4 31251 5386 11020 3796 3987
0.5 31251 5386 11020 3796 3987
0.6 31251 5386 11020 3796 3987
0.7 31251 5386 11020 3796 3987
0.8 31251 5386 11020 3796 3987
0.9 31251 5386 11020 3796 3987
1 31251 5386 11020 3796 3987
1.1 31251 5386 11020 3796 3987
1.2 31251 5386 11020 3796 3987
1.3 31251 5386 11020 3796 3987
1.4 31251 5386 11020 3796 3987
1.5 31251 5386 11020 3796 3987
1.6 31251 5386 11020 3796 3987
1.7 31251 5386 11020 3796 3987
1.8 31251 5386 11020 3796 3987
1.9 31251 5386 11020 3796 3987
2 31251 5386 11020 3796 3987
2.1 31251 5386 11020 3796 3987
2.2 31251 5386 11020 3796 3987
2.3 31251 5386 11020 3796 3987
2.4 31251 5386 11020 3796 3987
2.5 31251 5386 11020 3796 3987
0.1 31251 7106 12527 4656 10951
0.2 31251 7106 12527 4656 10951
0.3 31251 7106 12527 4656 10951
0.4 31251 7106 12527 4656 10951
0.5 31251 7106 12527 4656 10951
0.6 31251 7106 12527 4656 10951
0.7 31251 7106 12527 4656 10951
0.8 31251 7106 12527 4656 10951
0.9 31251 7106 12527 4656 10951
1 31251 7106 12527 4656 10951
1.1 31251 7106 12527 4656 10951
1.2 31251 7106 12527 4656 10951
1.3 31251 7106 12527 4656 10951
1.4 31251 7106 12527 4656 10951
1.5 31251 7106 12527 4656 10951
1.6 31251 7106 12527 4656 10951
1.7 31251 7106 12527 4656 10951
1.8 31251 7106 12527 4656 10951
1.9 31251 7106 12527 4656 10951
2 31251 7106 12527 4656 10951
2.1 31251 7106 12527 4656 10951
2.2 31251 7106 12527 4656 10951
2.3 31251 7106 12527 4656 10951
2.4 31251 7106 12527 4656 10951
2.5 31251 7106 12527 4656 10951
0.1 31251 8877 7508 13359 5196
0.2 31251 8877 7508 13359 5196
0.3 31251 8877 7508 13359 5196
0.4 31251 8877 7508 13359 5196
0.5 31251 8877 7508 13359 5196
0.6 31251 8877 7508 13359 5196
0.7 31251 8877 7508 13359 5196
0.8 31251 8877 7508 13359 5196
0.9 31251 8877 7508 13359 5196
1 31251 8877 7508 13359 5196
1.1 31251 8877 7508 13359 5196
1.2 31251 8877 7508 13359 5196
1.3 31251 8877 7508 13359 5196
1.4 31251 8877 7508 13359 5196
1.5 31251 8877 7508 13359 5196
1.6 31251 8877 7508 13359 5196
1.7 31251 8877 7508 13359 5196
1.8 31251 8877 7508 13359 5196
1.9 31251 8877 7508 13359 5196
2 31251 8877 7508 13359 5196
2.1 31251 8877 7508 13359 5196
2.2 31251 8877 7508 13359 5196
2.3 31251 8877 7508 13359 5196
2.4 31251 8877 7508 13359 5196
2.5 31251 8877 7508 13359 5196
0.1 31251 10068 7591 11417 4993
0.2 31251 10068 7591 11417 4993
0.3 31251 10068 7591 11417 4993
0.4 31251 10068 7591 11417 4993
0.5 31251 10068 7591 11417 4993
0.6 31251 10068 7591 11417 4993
0.7 31251 10068 7591 11417 4993
0.8 31251 10068 7591 11417 4993
0.9 31251 10068 7591 11417 4993
1 31251 10068 7591 11417 4993
1.1 31251 10068 7591 11417 4993
1.2 31251 10068 7591 11417 4993
1.3 31251 10068 7591 11417 4993
1.4 31251 10068 7591 11417 4993
1.5 31251 10068 7591 11417 4993
1.6 31251 10068 7591 11417 4993
1.7 31251 10068 7591 11417 4993
1.8 31251 10068 7591 11417 4993
1.9 31251 10068 7591 11417 4993
2 31251 10068 7591 11417 4993
2.1 31251 10068 7591 11417 4993
2.2 31251 10068 7591 11417 4993
2.3 31251 10068 7591 11417 4993
2.4 31251 10068 7591 11417 4993
2.5 31251 10068 7591 11417 4993
0.1 31251 4456 13819 1681 1553
0.2 31251 4456 13819 1681 1553
0.3 31251 4456 13819 1681 1553
0.4 31251 4456 13819 1681 1553
0.5 31251 4456 13819 1681 1553
0.6 31251 4456 13819 1681 1553
0.7 31251 4456 13819 1681 1553
0.8 31251 4456 13819 1681 1553
0.9 31251 4456 13819 1681 1553
1 31251 4456 13819 1681 1553
1.1 31251 4456 13819 1681 1553
1.2 31251 4456 13819 1681 1553
1.3 31251 4456 13819 1681 1553
1.4 31251 4456 13819 1681 1553
1.5 31251 4456 13819 1681 1553
1.6 31251 4456 13819 1681 1553
1.7 31251 4456 13819 1681 1553
1.8 31251 4456 13819 1681 1553
1.9 31251 4456 13819 1681 1553
2 31251 4456 13819 1681 1553
2.1 31251 4456 13819 1681 1553
2.2 31251 4456 13819 1681 1553
2.3 31251 4456 13819 1681 1553
2.4 31251 4456 13819 1681 1553
2.5 31251 4456 13819 1681 1553
0.1 31251 9721 4320 4649 4799
0.2 31251 9721 4320 4649 4799
0.3 31251 9721 4320 4649 4799
0.4 31251 9721 4320 4649 4799
0.5 31251 9721 4320 4649 4799
0.6 31251 9721 4320 4649 4799
0.7 31251 9721 4320 4649 4799
0.8 31251 9721 4320 4649 4799
0.9 31251 9721 4320 4649 4799
1 31251 9721 4320 4649 4799
1.1 31251 9721 4320 4649 4799
1.2 31251 9721 4320 4649 4799
1.3 31251 9721 4320 4649 4799
1.4 31251 9721 4320 4649 4799
1.5 31251 9721 4320 4649 4799
1.6 31251 9721 4320 4649 4799
1.7 31251 9721 4320 4649 4799
1.8 31251 9721 4320 4649 4799
1.9 31251 9721 4320 4649 4799
2 31251 9721 4320 4649 4799
2.1 31251 9721 4320 4649 4799
2.2 31251 9721 4320 4649 4799
2.3 31251 9721 4320 4649 4799
2.4 31251 9721 4320 4649 4799
2.5 31251 9721 4320 4649 4799
0.1 31251 4537 14933 4042 2359
0.2 31251 4537 14933 4042 2359
0.3 31251 4537 14933 4042 2359
0.4 31251 4537 14933 4042 2359
0.5 31251 4537 14933 4042 2359
0.6 31251 4537 14933 4042 2359
0.7 31251 4537 14933 4042 2359
0.8 31251 4537 14933 4042 2359
0.9 31251 4537 14933 4042 2359
1 31251 4537 14933 4042 2359
1.1 31251 4537 14933 4042 2359
1.2 31251 4537 14933 4042 2359
1.3 31251 4537 14933 4042 2359
1.4 31251 4537 14933 4042 2359
1.5 31251 4537 14933 4042 2359
1.6 31251 4537 14933 4042 2359
1.7 31251 4537 14933 4042 2359
1.8 31251 4537 14933 4042 2359
1.9 31251 4537 14933 4042 2359
2 31251 4537 14933 4042 2359
2.1 31251 4537 14933 4042 2359
2.2 31251 4537 14933 4042 2359
2.3 31251 4537 14933 4042 2359
2.4 31251 4537 14933 4042 2359
2.5 31251 4537 14933 4042 2359
0.1 31251 5776 7004 7056 4803
0.2 31251 5776 7004 7056 4803
0.3 31251 5776 7004 7056 4803
0.4 31251 5776 7004 7056 4803
0.5 31251 5776 7004 7056 4803
0.6 31251 5776 7004 7056 4803
0.7 31251 5776 7004 7056 4803
0.8 31251 5776 7004 7056 4803
0.9 31251 5776 7004 7056 4803
1 31251 5776 7004 7056 4803
1.1 31251 5776 7004 7056 4803
1.2 31251 5776 7004 7056 4803
1.3 31251 5776 7004 7056 4803
1.4 31251 5776 7004 7056 4803
1.5 31251 5776 7004 7056 4803
1.6 31251 5776 7004 7056 4803
1.7 31251 5776 7004 7056 4803
1.8 31251 5776 7004 7056 4803
1.9 31251 5776 7004 7056 4803
2 31251 5776 7004 7056 4803
2.1 31251 5776 7004 7056 4803
2.2 31251 5776 7004 7056 4803
2.3 31251 5776 7004 7056 4803
2.4 31251 5776 7004 7056 4803
2.5 31251 5776 7004 7056 4803
0.1 31251 11815 11410 5930 1461
0.2 31251 11815 11410 5930 1461
0.3 31251 11815 11410 5930 1461
0.4 31251 11815 11410 5930 1461
0.5 31251 11815 11410 5930 1461
0.6 31251 11815 11410 5930 1461
0.7 31251 11815 11410 5930 1461
0.8 31251 11815 11410 5930 1461
0.9 31251 11815 11410 5930 1461
1 31251 11815 11410 5930 1461
1.1 31251 11815 11410 5930 1461
1.2 31251 11815 11410 5930 1461
1.3 31251 11815 11410 5930 1461
1.4 31251 11815 11410 5930 1461
1.5 31251 11815 11410 5930 1461
1.6 31251 11815 11410 5930 1461
1.7 31251 11815 11410 5930 1461
1.8 31251 11815 11410 5930 1461
1.9 31251 11815 11410 5930 1461
2 31251 11815 11410 5930 1461
2.1 31251 11815 11410 5930 1461
2.2 31251 11815 11410 5930 1461
2.3 31251 11815 11410 5930 1461
2.4 31251 11815 11410 5930 1461
2.5 31251 11815 11410 5930 1461
0.1 31251 14821 13939 7408 4693
0.2 31251 14821 13939 7408 4693
0.3 31251 14821 13939 7408 4693
0.4 31251 14821 13939 7408 4693
0.5 31251 14821 13939 7408 4693
0.6 31251 14821 13939 7408 4693
0.7 31251 14821 13939 7408 4693
0.8 31251 14821 13939 7408 4693
0.9 31251 14821 13939 7408 4693
1 31251 14821 13939 7408 4693
1.1 31251 14821 13939 7408 4693
1.2 31251 14821 13939 7408 4693
1.3 31251 14821 13939 7408 4693
1.4 31251 14821 13939 7408 4693
1.5 31251 14821 13939 7408 4693
1.6 31251 14821 13939 7408 4693
1.7 31251 14821 13939 7408 4693
1.8 31251 14821 13939 7408 4693
1.9 31251 14821 13939 7408 4693
2 31251 14821 13939 7408 4693
2.1 31251 14821 13939 7408 4693
2.2 31251 14821 13939 7408 4693
2.3 31251 14821 13939 7408 4693
2.4 31251 14821 13939 7408 4693
2.5 31251 14821 13939 7408 4693
0.1 31251 3408 9847 7186 4813
0.2 31251 3408 9847 7186 4813
0.3 31251 3408 9847 7186 4813
0.4 31251 3408 9847 7186 4813
0.5 31251 3408 9847 7186 4813
0.6 31251 3408 9847 7186 4813
0.7 31251 3408 9847 7186 4813
0.8 31251 3408 9847 7186 4813
0.9 31251 3408 9847 7186 4813
1 31251 3408 9847 7186 4813
1.1 31251 3408 9847 7186 4813
1.2 31251 3408 9847 7186 4813
1.3 31251 3408 9847 7186 4813
1.4 31251 3408 9847 7186 4813
1.5 31251 3408 9847 7186 4813
1.6 31251 3408 9847 7186 4813
1.7 31251 3408 9847 7186 4813
1.8 31251 3408 9847 7186 4813
1.9 31251 3408 9847 7186 4813
2 31251 3408 9847 7186 4813
2.1 31251 3408 9847 7186 4813
2.2 31251 3408 9847 7186 4813
2.3 31251 3408 9847 7186 4813
2.4 31251 3408 9847 7186 4813
2.5 31251 3408 9847 7186 4813
0.1 31251 13168 13931 8891 10282
0.2 31251 13168 13931 8891 10282
0.3 31251 13168 13931 8891 10282
0.4 31251 13168 13931 8891 10282
0.5 31251 13168 13931 8891 10282
0.6 31251 13168 13931 8891 10282
0.7 31251 13168 13931 8891 10282
0.8 31251 13168 13931 8891 10282
0.9 31251 13168 13931 8891 10282
1 31251 13168 13931 8891 10282
1.1 31251 13168 13931 8891 10282
1.2 31251 13168 13931 8891 10282
1.3 31251 13168 13931 8891 10282
1.4 31251 13168 13931 8891 10282
1.5 31251 13168 13931 8891 10282
1.6 31251 13168 13931 8891 10282
1.7 31251 13168 13931 8891 10282
1.8 31251 13168 13931 8891 10282
1.9 31251 13168 13931 8891 10282
2 31251 13168 13931 8891 10282
2.1 31251 13168 13931 8891 10282
2.2 31251 13168 13931 8891 10282
2.3 31251 13168 13931 8891 10282
2.4 31251 13168 13931 8891 10282
2.5 31251 13168 13931 8891 10282
0.1 31251 9615 6786 5934 13422
0.2 31251 9615 6786 5934 13422
0.3 31251 9615 6786 5934 13422
0.4 31251 9615 6786 5934 13422
0.5 31251 9615 6786 5934 13422
0.6 31251 9615 6786 5934 13422
0.7 31251 9615 6786 5934 13422
0.8 31251 9615 6786 5934 13422
0.9 31251 9615 6786 5934 13422
1 31251 9615 6786 5934 13422
1.1 31251 9615 6786 5934 13422
1.2 31251 9615 6786 5934 13422
1.3 31251 9615 6786 5934 13422
1.4 31251 9615 6786 5934 13422
1.5 31251 9615 6786 5934 13422
1.6 31251 9615 6786 5934 13422
1.7 31251 9615 6786 5934 13422
1.8 31251 9615 6786 5934 13422
1.9 31251 9615 6786 5934 13422
2 31251 9615 6786 5934 13422
2.1 31251 9615 6786 5934 13422
2.2 31251 9615 6786 5934 13422
2.3 31251 9615 6786 5934 13422
2.4 31251 9615 6786 5934 13422
2.5 31251 9615 6786 5934 13422
0.1 31251 7159 15317 12663 7031
0.2 31251 7159 15317 12663 7031
0.3 31251 7159 15317 12663 7031
0.4 31251 7159 15317 12663 7031
0.5 31251 7159 15317 12663 7031
0.6 31251 7159 15317 12663 7031
0.7 31251 7159 15317 12663 7031
0.8 31251 7159 15317 12663 7031
0.9 31251 7159 15317 12663 7031
1 31251 7159 15317 12663 7031
1.1 31251 7159 15317 12663 7031
1.2 31251 7159 15317 12663 7031
1.3 31251 7159 15317 12663 7031
1.4 31251 7159 15317 12663 7031
1.5 31251 7159 15317 12663 7031
1.6 31251 7159 15317 12663 7031
1.7 31251 7159 15317 12663 7031
1.8 31251 7159 15317 12663 7031
1.9 31251 7159 15317 12663 7031
2 31251 7159 15317 12663 7031
2.1 31251 7159 15317 12663 7031
2.2 31251 7159 15317 12663 7031
2.3 31251 7159 15317 12663 7031
2.4 31251 7159 15317 12663 7031
2.5 31251 7159 15317 12663 7031
0.1 31251 4990 940 4159 6499
0.2 31251 4990 940 4159 6499
0.3 31251 4990 940 4159 6499
0.4 31251 4990 940 4159 6499
0.5 31251 4990 940 4159 6499
0.6 31251 4990 940 4159 6499
0.7 31251 4990 940 4159 6499
0.8 31251 4990 940 4159 6499
0.9 31251 4990 940 4159 6499
1 31251 4990 940 4159 6499
1.1 31251 4990 940 4159 6499
1.2 31251 4990 940 4159 6499
1.3 31251 4990 940 4159 6499
1.4 31251 4990 940 4159 6499
1.5 31251 4990 940 4159 6499
1.6 31251 4990 940 4159 6499
1.7 31251 4990 940 4159 6499
1.8 31251 4990 940 4159 6499
1.9 31251 4990 940 4159 6499
2 31251 4990 940 4159 6499
2.1 31251 4990 940 4159 6499
2.2 31251 4990 940 4159 6499
2.3 31251 4990 940 4159 6499
2.4 31251 4990 940 4159 6499
2.5 31251 4990 940 4159 6499
0.1 31251 10791 3931 5543 11168
0.2 31251 10791 3931 5543 11168
0.3 31251 10791 3931 5543 11168
0.4 31251 10791 3931 5543 11168
0.5 31251 10791 3931 5543 11168
0.6 31251 10791 3931 5543 11168
0.7 31251 10791 3931 5543 11168
0.8 31251 10791 3931 5543 11168
0.9 31251 10791 3931 5543 11168
1 31251 10791 3931 5543 11168
1.1 31251 10791 3931 5543 11168
1.2 31251 10791 3931 5543 11168
1.3 31251 10791 3931 5543 11168
1.4 31251 10791 3931 5543 11168
1.5 31251 10791 3931 5543 11168
1.6 31251 10791 3931 5543 11168
1.7 31251 10791 3931 5543 11168
1.8 31251 10791 3931 5543 11168
1.9 31251 10791 3931 5543 11168
2 31251 10791 3931 5543 11168
2.1 31251 10791 3931 5543 11168
2.2 31251 10791 3931 5543 11168
2.3 31251 10791 3931 5543 11168
2.4 31251 10791 3931 5543 11168
2.5 31251 10791 3931 5543 11168
0.1 31251 4042 4584 13536 4663
0.2 31251 4042 4584 13536 4663
0.3 31251 4042 4584 13536 4663
0.4 31251 4042 4584 13536 4663
0.5 31251 4042 4584 13536 4663
0.6 31251 4042 4584 13536 4663
0.7 31251 4042 4584 13536 4663
0.8 31251 4042 4584 13536 4663
0.9 31251 4042 4584 13536 4663
1 31251 4042 4584 13536 4663
1.1 31251 4042 4584 13536 4663
1.2 31251 4042 4584 13536 4663
1.3 31251 4042 4584 13536 4663
1.4 31251 4042 4584 13536 4663
1.5 31251 4042 4584 13536 4663
1.6 31251 4042 4584 13536 4663
1.7 31251 4042 4584 13536 4663
1.8 31251 4042 4584 13536 4663
1.9 31251 4042 4584 13536 4663
2 31251 4042 4584 13536 4663
2.1 31251 4042 4584 13536 4663
2.2 31251 4042 4584 13536 4663
2.3 31251 4042 4584 13536 4663
2.4 31251 4042 4584 13536 4663
2.5 31251 4042 4584 13536 4663
0.1 31251 1309 5204 7638 11008
0.2 31251 1309 5204 7638 11008
0.3 31251 1309 5204 7638 11008
0.4 31251 1309 5204 7638 11008
0.5 31251 1309 5204 7638 11008
0.6 31251 1309 5204 7638 11008
0.7 31251 1309 5204 7638 11008
0.8 31251 1309 5204 7638 11008
0.9 31251 1309 5204 7638 11008
1 31251 1309 5204 7638 11008
1.1 31251 1309 5204 7638 11008
1.2 31251 1309 5204 7638 11008
1.3 31251 1309 5204 7638 11008
1.4 31251 1309 5204 7638 11008
1.5 31251 1309 5204 7638 11008
1.6 31251 1309 5204 7638 11008
1.7 31251 1309 5204 7638 11008
1.8 31251 1309 5204 7638 11008
1.9 31251 1309 5204 7638 11008
2 31251 1309 5204 7638 11008
2.1 31251 1309 5204 7638 11008
2.2 31251 1309 5204 7638 11008
2.3 31251 1309 5204 7638 11008
2.4 31251 1309 5204 7638 11008
2.5 31251 1309 5204 7638 11008
0.1 31251 7584 11342 992 2689
0.2 31251 7584 11342 992 2689
0.3 31251 7584 11342 992 2689
0.4 31251 7584 11342 992 2689
0.5 31251 7584 11342 992 2689
0.6 31251 7584 11342 992 2689
0.7 31251 7584 11342 992 2689
0.8 31251 7584 11342 992 2689
0.9 31251 7584 11342 992 2689
1 31251 7584 11342 992 2689
1.1 31251 7584 11342 992 2689
1.2 31251 7584 11342 992 2689
1.3 31251 7584 11342 992 2689
1.4 31251 7584 11342 992 2689
1.5 31251 7584 11342 992 2689
1.6 31251 7584 11342 992 2689
1.7 31251 7584 11342 992 2689
1.8 31251 7584 11342 992 2689
1.9 31251 7584 11342 992 2689
2 31251 7584 11342 992 2689
2.1 31251 7584 11342 992 2689
2.2 31251 7584 11342 992 2689
2.3 31251 7584 11342 992 2689
2.4 31251 7584 11342 992 2689
2.5 31251 7584 11342 992 2689
0.1 31251 15409 14221 8297 6998
0.2 31251 15409 14221 8297 6998
0.3 31251 15409 14221 8297 6998
0.4 31251 15409 14221 8297 6998
0.5 31251 15409 14221 8297 6998
0.6 31251 15409 14221 8297 6998
0.7 31251 15409 14221 8297 6998
0.8 31251 15409 14221 8297 6998
0.9 31251 15409 14221 8297 6998
1 31251 15409 14221 8297 6998
1.1 31251 15409 14221 8297 6998
1.2 31251 15409 14221 8297 6998
1.3 31251 15409 14221 8297 6998
1.4 31251 15409 14221 8297 6998
1.5 31251 15409 14221 8297 6998
1.6 31251 15409 14221 8297 6998
1.7 31251 15409 14221 8297 6998
1.8 31251 15409 14221 8297 6998
1.9 31251 15409 14221 8297 6998
2 31251 15409 14221 8297 6998
2.1 31251 15409 14221 8297 6998
2.2 31251 15409 14221 8297 6998
2.3 31251 15409 14221 8297 6998
2.4 31251 15409 14221 8297 6998
2.5 31251 15409 14221 8297 6998
0.1 31251 11948 4608 4844 1716
0.2 31251 11948 4608 4844 1716
0.3 31251 11948 4608 4844 1716
0.4 31251 11948 4608 4844 1716
0.5 31251 11948 4608 4844 1716
0.6 31251 11948 4608 4844 1716
0.7 31251 11948 4608 4844 1716
0.8 31251 11948 4608 4844 1716
0.9 31251 11948 4608 4844 1716
1 31251 11948 4608 4844 1716
1.1 31251 11948 4608 4844 1716
1.2 31251 11948 4608 4844 1716
1.3 31251 11948 4608 4844 1716
1.4 31251 11948 4608 4844 1716
1.5 31251 11948 4608 4844 1716
1.6 31251 11948 4608 4844 1716
1.7 31251 11948 4608 4844 1716
1.8 31251 11948 4608 4844 1716
1.9 31251 11948 4608 4844 1716
2 31251 11948 4608 4844 1716
2.1 31251 11948 4608 4844 1716
2.2 31251 11948 4608 4844 1716
2.3 31251 11948 4608 4844 1716
2.4 31251 11948 4608 4844 1716
2.5 31251 11948 4608 4844 1716
0.1 31251 4443 6917 7939 9249
0.2 31251 4443 6917 7939 9249
0.3 31251 4443 6917 7939 9249
0.4 31251 4443 6917 7939 9249
0.5 31251 4443 6917 7939 9249
0.6 31251 4443 6917 7939 9249
0.7 31251 4443 6917 7939 9249
0.8 31251 4443 6917 7939 9249
0.9 31251 4443 6917 7939 9249
1 31251 4443 6917 7939 9249
1.1 31251 4443 6917 7939 9249
1.2 31251 4443 6917 7939 9249
1.3 31251 4443 6917 7939 9249
1.4 31251 4443 6917 7939 9249
1.5 31251 4443 6917 7939 9249
1.6 31251 4443 6917 7939 9249
1.7 31251 4443 6917 7939 9249
1.8 31251 4443 6917 7939 9249
1.9 31251 4443 6917 7939 9249
2 31251 4443 6917 7939 9249
2.1 31251 4443 6917 7939 9249
2.2 31251 4443 6917 7939 9249
2.3 31251 4443 6917 7939 9249
2.4 31251 4443 6917 7939 9249
2.5 31251 4443 6917 7939 9249
0.1 31251 11086 7781 8402 10326
0.2 31251 11086 7781 8402 10326
0.3 31251 11086 7781 8402 10326
0.4 31251 11086 7781 8402 10326
0.5 31251 11086 7781 8402 10326
0.6 31251 11086 7781 8402 10326
0.7 31251 11086 7781 8402 10326
0.8 31251 11086 7781 8402 10326
0.9 31251 11086 7781 8402 10326
1 31251 11086 7781 8402 10326
1.1 31251 11086 7781 8402 10326
1.2 31251 11086 7781 8402 10326
1.3 31251 11086 7781 8402 10326
1.4 31251 11086 7781 8402 10326
1.5 31251 11086 7781 8402 10326
1.6 31251 11086 7781 8402 10326
1.7 31251 11086 7781 8402 10326
1.8 31251 11086 7781 8402 10326
1.9 31251 11086 7781 8402 10326
2 31251 11086 7781 8402 10326
2.1 31251 11086 7781 8402 10326
2.2 31251 11086 7781 8402 10326
2.3 31251 11086 7781 8402 10326
2.4 31251 11086 7781 8402 10326
2.5 31251 11086 7781 8402 10326
0.1 31251 4058 2067 3209 797
0.2 31251 4058 2067 3209 797
0.3 31251 4058 2067 3209 797
0.4 31251 4058 2067 3209 797
0.5 31251 4058 2067 3209 797
0.6 31251 4058 2067 3209 797
0.7 31251 4058 2067 3209 797
0.8 31251 4058 2067 3209 797
0.9 31251 4058 2067 3209 797
1 31251 4058 2067 3209 797
1.1 31251 4058 2067 3209 797
1.2 31251 4058 2067 3209 797
1.3 31251 4058 2067 3209 797
1.4 31251 4058 2067 3209 797
1.5 31251 4058 2067 3209 797
1.6 31251 4058 2067 3209 797
1.7 31251 4058 2067 3209 797
1.8 31251 4058 2067 3209 797
1.9 31251 4058 2067 3209 797
2 31251 4058 2067 3209 797
2.1 31251 4058 2067 3209 797
2.2 31251 4058 2067 3209 797
2.3 31251 4058 2067 3209 797
2.4 31251 4058 2067 3209 797
2.5 31251 4058 2067 3209 797
0.1 31251 14929 14679 8826 6908
0.2 31251 14929 14679 8826 6908
0.3 31251 14929 14679 8826 6908
0.4 31251 14929 14679 8826 6908
0.5 31251 14929 14679 8826 6908
0.6 31251 14929 14679 8826 6908
0.7 31251 14929 14679 8826 6908
0.8 31251 14929 14679 8826 6908
0.9 31251 14929 14679 8826 6908
1 31251 14929 14679 8826 6908
1.1 31251 14929 14679 8826 6908
1.2 31251 14929 14679 8826 6908
1.3 31251 14929 14679 8826 6908
1.4 31251 14929 14679 8826 6908
1.5 31251 14929 14679 8826 6908
1.6 31251 14929 14679 8826 6908
1.7 31251 14929 14679 8826 6908
1.8 31251 14929 14679 8826 6908
1.9 31251 14929 14679 8826 6908
2 31251 14929 14679 8826 6908
2.1 31251 14929 14679 8826 6908
2.2 31251 14929 14679 8826 6908
2.3 31251 14929 14679 8826 6908
2.4 31251 14929 14679 8826 6908
2.5 31251 14929 14679 8826 6908
0.1 31251 4121 4983 5986 9315
0.2 31251 4121 4983 5986 9315
0.3 31251 4121 4983 5986 9315
0.4 31251 4121 4983 5986 9315
0.5 31251 4121 4983 5986 9315
0.6 31251 4121 4983 5986 9315
0.7 31251 4121 4983 5986 9315
0.8 31251 4121 4983 5986 9315
0.9 31251 4121 4983 5986 9315
1 31251 4121 4983 5986 9315
1.1 31251 4121 4983 5986 9315
1.2 31251 4121 4983 5986 9315
1.3 31251 4121 4983 5986 9315
1.4 31251 4121 4983 5986 9315
1.5 31251 4121 4983 5986 9315
1.6 31251 4121 4983 5986 9315
1.7 31251 4121 4983 5986 9315
1.8 31251 4121 4983 5986 9315
1.9 31251 4121 4983 5986 9315
2 31251 4121 4983 5986 9315
2.1 31251 4121 4983 5986 9315
2.2 31251 4121 4983 5986 9315
2.3 31251 4121 4983 5986 9315
2.4 31251 4121 4983 5986 9315
2.5 31251 4121 4983 5986 9315
0.1 31251 4622 14814 6190 11165
0.2 31251 4622 14814 6190 11165
0.3 31251 4622 14814 6190 11165
0.4 31251 4622 14814 6190 11165
0.5 31251 4622 14814 6190 11165
0.6 31251 4622 14814 6190 11165
0.7 31251 4622 14814 6190 11165
0.8 31251 4622 14814 6190 11165
0.9 31251 4622 14814 6190 11165
1 31251 4622 14814 6190 11165
1.1 31251 4622 14814 6190 11165
1.2 31251 4622 14814 6190 11165
1.3 31251 4622 14814 6190 11165
1.4 31251 4622 14814 6190 11165
1.5 31251 4622 14814 6190 11165
1.6 31251 4622 14814 6190 11165
1.7 31251 4622 14814 6190 11165
1.8 31251 4622 14814 6190 11165
1.9 31251 4622 14814 6190 11165
2 31251 4622 14814 6190 11165
2.1 31251 4622 14814 6190 11165
2.2 31251 4622 14814 6190 11165
2.3 31251 4622 14814 6190 11165
2.4 31251 4622 14814 6190 11165
2.5 31251 4622 14814 6190 11165
0.1 31251 15166 4167 12691 3158
0.2 31251 15166 4167 12691 3158
0.3 31251 15166 4167 12691 3158
0.4 31251 15166 4167 12691 3158
0.5 31251 15166 4167 12691 3158
0.6 31251 15166 4167 12691 3158
0.7 31251 15166 4167 12691 3158
0.8 31251 15166 4167 12691 3158
0.9 31251 15166 4167 12691 3158
1 31251 15166 4167 12691 3158
1.1 31251 15166 4167 12691 3158
1.2 31251 15166 4167 12691 3158
1.3 31251 15166 4167 12691 3158
1.4 31251 15166 4167 12691 3158
1.5 31251 15166 4167 12691 3158
1.6 31251 15166 4167 12691 3158
1.7 31251 15166 4167 12691 3158
1.8 31251 15166 4167 12691 3158
1.9 31251 15166 4167 12691 3158
2 31251 15166 4167 12691 3158
2.1 31251 15166 4167 12691 3158
2.2 31251 15166 4167 12691 3158
2.3 31251 15166 4167 12691 3158
2.4 31251 15166 4167 12691 3158
2.5 31251 15166 4167 12691 3158
0.1 31251 2812 4061 4524 10147
0.2 31251 2812 4061 4524 10147
0.3 31251 2812 4061 4524 10147
0.4 31251 2812 4061 4524 10147
0.5 31251 2812 4061 4524 10147
0.6 31251 2812 4061 4524 10147
0.7 31251 2812 4061 4524 10147
0.8 31251 2812 4061 4524 10147
0.9 31251 2812 4061 4524 10147
1 31251 2812 4061 4524 10147
1.1 31251 2812 4061 4524 10147
1.2 31251 2812 4061 4524 10147
1.3 31251 2812 4061 4524 10147
1.4 31251 2812 4061 4524 10147
1.5 31251 2812 4061 4524 10147
1.6 31251 2812 4061 4524 10147
1.7 31251 2812 4061 4524 10147
1.8 31251 2812 4061 4524 10147
1.9 31251 2812 4061 4524 10147
2 31251 2812 4061 4524 10147
2.1 31251 2812 4061 4524 10147
2.2 31251 2812 4061 4524 10147
2.3 31251 2812 4061 4524 10147
2.4 31251 2812 4061 4524 10147
2.5 31251 2812 4061 4524 10147
0.1 31251 13680 14540 9372 8938
0.2 31251 13680 14540 9372 8938
0.3 31251 13680 14540 9372 8938
0.4 31251 13680 14540 9372 8938
0.5 31251 13680 14540 9372 8938
0.6 31251 13680 14540 9372 8938
0.7 31251 13680 14540 9372 8938
0.8 31251 13680 14540 9372 8938
0.9 31251 13680 14540 9372 8938
1 31251 13680 14540 9372 8938
1.1 31251 13680 14540 9372 8938
1.2 31251 13680 14540 9372 8938
1.3 31251 13680 14540 9372 8938
1.4 31251 13680 14540 9372 8938
1.5 31251 13680 14540 9372 8938
1.6 31251 13680 14540 9372 8938
1.7 31251 13680 14540 9372 8938
1.8 31251 13680 14540 9372 8938
1.9 31251 13680 14540 9372 8938
2 31251 13680 14540 9372 8938
2.1 31251 13680 14540 9372 8938
2.2 31251 13680 14540 9372 8938
2.3 31251 13680 14540 9372 8938
2.4 31251 13680 14540 9372 8938
2.5 31251 13680 14540 9372 8938
0.1 31251 6470 12705 10938 3956
0.2 31251 6470 12705 10938 3956
0.3 31251 6470 12705 10938 3956
0.4 31251 6470 12705 10938 3956
0.5 31251 6470 12705 10938 3956
0.6 31251 6470 12705 10938 3956
0.7 31251 6470 12705 10938 3956
0.8 31251 6470 12705 10938 3956
0.9 31251 6470 12705 10938 3956
1 31251 6470 12705 10938 3956
1.1 31251 6470 12705 10938 3956
1.2 31251 6470 12705 10938 3956
1.3 31251 6470 12705 10938 3956
1.4 31251 6470 12705 10938 3956
1.5 31251 6470 12705 10938 3956
1.6 31251 6470 12705 10938 3956
1.7 31251 6470 12705 10938 3956
1.8 31251 6470 12705 10938 3956
1.9 31251 6470 12705 10938 3956
2 31251 6470 12705 10938 3956
2.1 31251 6470 12705 10938 3956
2.2 31251 6470 12705 10938 3956
2.3 31251 6470 12705 10938 3956
2.4 31251 6470 12705 10938 3956
2.5 31251 6470 12705 10938 3956
0.1 31251 5337 13467 15211 7721
0.2 31251 5337 13467 15211 7721
0.3 31251 5337 13467 15211 7721
0.4 31251 5337 13467 15211 7721
0.5 31251 5337 13467 15211 7721
0.6 31251 5337 13467 15211 7721
0.7 31251 5337 13467 15211 7721
0.8 31251 5337 13467 15211 7721
0.9 31251 5337 13467 15211 7721
1 31251 5337 13467 15211 7721
1.1 31251 5337 13467 15211 7721
1.2 31251 5337 13467 15211 7721
1.3 31251 5337 13467 15211 7721
1.4 31251 5337 13467 15211 7721
1.5 31251 5337 13467 15211 7721
1.6 31251 5337 13467 15211 7721
1.7 31251 5337 13467 15211 7721
1.8 31251 5337 13467 15211 7721
1.9 31251 5337 13467 15211 7721
2 31251 5337 13467 15211 7721
2.1 31251 5337 13467 15211 7721
2.2 31251 5337 13467 15211 7721
2.3 31251 5337 13467 15211 7721
2.4 31251 5337 13467 15211 7721
2.5 31251 5337 13467 15211 7721
0.1 31251 7409 13727 12739 12786
0.2 31251 7409 13727 12739 12786
0.3 31251 7409 13727 12739 12786
0.4 31251 7409 13727 12739 12786
0.5 31251 7409 13727 12739 12786
0.6 31251 7409 13727 12739 12786
0.7 31251 7409 13727 12739 12786
0.8 31251 7409 13727 12739 12786
0.9 31251 7409 13727 12739 12786
1 31251 7409 13727 12739 12786
1.1 31251 7409 13727 12739 12786
1.2 31251 7409 13727 12739 12786
1.3 31251 7409 13727 12739 12786
1.4 31251 7409 13727 12739 12786
1.5 31251 7409 13727 12739 12786
1.6 31251 7409 13727 12739 12786
1.7 31251 7409 13727 12739 12786
1.8 31251 7409 13727 12739 12786
1.9 31251 7409 13727 12739 12786
2 31251 7409 13727 12739 12786
2.1 31251 7409 13727 12739 12786
2.2 31251 7409 13727 12739 12786
2.3 31251 7409 13727 12739 12786
2.4 31251 7409 13727 12739 12786
2.5 31251 7409 13727 12739 12786
0.1 31251 4037 1506 6232 13288
0.2 31251 4037 1506 6232 13288
0.3 31251 4037 1506 6232 13288
0.4 31251 4037 1506 6232 13288
0.5 31251 4037 1506 6232 13288
0.6 31251 4037 1506 6232 13288
0.7 31251 4037 1506 6232 13288
0.8 31251 4037 1506 6232 13288
0.9 31251 4037 1506 6232 13288
1 31251 4037 1506 6232 13288
1.1 31251 4037 1506 6232 13288
1.2 31251 4037 1506 6232 13288
1.3 31251 4037 1506 6232 13288
1.4 31251 4037 1506 6232 13288
1.5 31251 4037 1506 6232 13288
1.6 31251 4037 1506 6232 13288
1.7 31251 4037 1506 6232 13288
1.8 31251 4037 1506 6232 13288
1.9 31251 4037 1506 6232 13288
2 31251 4037 1506 6232 13288
2.1 31251 4037 1506 6232 13288
2.2 31251 4037 1506 6232 13288
2.3 31251 4037 1506 6232 13288
2.4 31251 4037 1506 6232 13288
2.5 31251 4037 1506 6232 13288
0.1 31251 6074 2906 5346 5223
0.2 31251 6074 2906 5346 5223
0.3 31251 6074 2906 5346 5223
0.4 31251 6074 2906 5346 5223
0.5 31251 6074 2906 5346 5223
0.6 31251 6074 2906 5346 5223
0.7 31251 6074 2906 5346 5223
0.8 31251 6074 2906 5346 5223
0.9 31251 6074 2906 5346 5223
1 31251 6074 2906 5346 5223
1.1 31251 6074 2906 5346 5223
1.2 31251 6074 2906 5346 5223
1.3 31251 6074 2906 5346 5223
1.4 31251 6074 2906 5346 5223
1.5 31251 6074 2906 5346 5223
1.6 31251 6074 2906 5346 5223
1.7 31251 6074 2906 5346 5223
1.8 31251 6074 2906 5346 5223
1.9 31251 6074 2906 5346 5223
2 31251 6074 2906 5346 5223
2.1 31251 6074 2906 5346 5223
2.2 31251 6074 2906 5346 5223
2.3 31251 6074 2906 5346 5223
2.4 31251 6074 2906 5346 5223
2.5 31251 6074 2906 5346 5223
0.1 31251 2658 4931 10666 4444
0.2 31251 2658 4931 10666 4444
0.3 31251 2658 4931 10666 4444
0.4 31251 2658 4931 10666 4444
0.5 31251 2658 4931 10666 4444
0.6 31251 2658 4931 10666 4444
0.7 31251 2658 4931 10666 4444
0.8 31251 2658 4931 10666 4444
0.9 31251 2658 4931 10666 4444
1 31251 2658 4931 10666 4444
1.1 31251 2658 4931 10666 4444
1.2 31251 2658 4931 10666 4444
1.3 31251 2658 4931 10666 4444
1.4 31251 2658 4931 10666 4444
1.5 31251 2658 4931 10666 4444
1.6 31251 2658 4931 10666 4444
1.7 31251 2658 4931 10666 4444
1.8 31251 2658 4931 10666 4444
1.9 31251 2658 4931 10666 4444
2 31251 2658 4931 10666 4444
2.1 31251 2658 4931 10666 4444
2.2 31251 2658 4931 10666 4444
2.3 31251 2658 4931 10666 4444
2.4 31251 2658 4931 10666 4444
2.5 31251 2658 4931 10666 4444
0.1 31251 113 742 1181 5854
0.2 31251 113 742 1181 5854
0.3 31251 113 742 1181 5854
0.4 31251 113 742 1181 5854
0.5 31251 113 742 1181 5854
0.6 31251 113 742 1181 5854
0.7 31251 113 742 1181 5854
0.8 31251 113 742 1181 5854
0.9 31251 113 742 1181 5854
1 31251 113 742 1181 5854
1.1 31251 113 742 1181 5854
1.2 31251 113 742 1181 5854
1.3 31251 113 742 1181 5854
1.4 31251 113 742 1181 5854
1.5 31251 113 742 1181 5854
1.6 31251 113 742 1181 5854
1.7 31251 113 742 1181 5854
1.8 31251 113 742 1181 5854
1.9 31251 113 742 1181 5854
2 31251 113 742 1181 5854
2.1 31251 113 742 1181 5854
2.2 31251 113 742 1181 5854
2.3 31251 113 742 1181 5854
2.4 31251 113 742 1181 5854
2.5 31251 113 742 1181 5854
0.1 31251 14419 13289 12180 3956
0.2 31251 14419 13289 12180 3956
0.3 31251 14419 13289 12180 3956
0.4 31251 14419 13289 12180 3956
0.5 31251 14419 13289 12180 3956
0.6 31251 14419 13289 12180 3956
0.7 31251 14419 13289 12180 3956
0.8 31251 14419 13289 12180 3956
0.9 31251 14419 13289 12180 3956
1 31251 14419 13289 12180 3956
1.1 31251 14419 13289 12180 3956
1.2 31251 14419 13289 12180 3956
1.3 31251 14419 13289 12180 3956
1.4 31251 14419 13289 12180 3956
1.5 31251 14419 13289 12180 3956
1.6 31251 14419 13289 12180 3956
1.7 31251 14419 13289 12180 3956
1.8 31251 14419 13289 12180 3956
1.9 31251 14419 13289 12180 3956
2 31251 14419 13289 12180 3956
2.1 31251 14419 13289 12180 3956
2.2 31251 14419 13289 12180 3956
2.3 31251 14419 13289 12180 3956
2.4 31251 14419 13289 12180 3956
2.5 31251 14419 13289 12180 3956
0.1 31251 6661 9514 4751 10284
0.2 31251 6661 9514 4751 10284
0.3 31251 6661 9514 4751 10284
0.4 31251 6661 9514 4751 10284
0.5 31251 6661 9514 4751 10284
0.6 31251 6661 9514 4751 10284
0.7 31251 6661 9514 4751 10284
0.8 31251 6661 9514 4751 10284
0.9 31251 6661 9514 4751 10284
1 31251 6661 9514 4751 10284
1.1 31251 6661 9514 4751 10284
1.2 31251 6661 9514 4751 10284
1.3 31251 6661 9514 4751 10284
1.4 31251 6661 9514 4751 10284
1.5 31251 6661 9514 4751 10284
1.6 31251 6661 9514 4751 10284
1.7 31251 6661 9514 4751 10284
1.8 31251 6661 9514 4751 10284
1.9 31251 6661 9514 4751 10284
2 31251 6661 9514 4751 10284
2.1 31251 6661 9514 4751 10284
2.2 31251 6661 9514 4751 10284
2.3 31251 6661 9514 4751 10284
2.4 31251 6661 9514 4751 10284
2.5 31251 6661 9514 4751 10284
0.1 31251 13217 8916 5243 808
0.2 31251 13217 8916 5243 808
0.3 31251 13217 8916 5243 808
0.4 31251 13217 8916 5243 808
0.5 31251 13217 8916 5243 808
0.6 31251 13217 8916 5243 808
0.7 31251 13217 8916 5243 808
0.8 31251 13217 8916 5243 808
0.9 31251 13217 8916 5243 808
1 31251 13217 8916 5243 808
1.1 31251 13217 8916 5243 808
1.2 31251 13217 8916 5243 808
1.3 31251 13217 8916 5243 808
1.4 31251 13217 8916 5243 808
1.5 31251 13217 8916 5243 808
1.6 31251 13217 8916 5243 808
1.7 31251 13217 8916 5243 808
1.8 31251 13217 8916 5243 808
1.9 31251 13217 8916 5243 808
2 31251 13217 8916 5243 808
2.1 31251 13217 8916 5243 808
2.2 31251 13217 8916 5243 808
2.3 31251 13217 8916 5243 808
2.4 31251 13217 8916 5243 808
2.5 31251 13217 8916 5243 808
0.1 31251 7764 4146 10706 11315
0.2 31251 7764 4146 10706 11315
0.3 31251 7764 4146 10706 11315
0.4 31251 7764 4146 10706 11315
0.5 31251 7764 4146 10706 11315
0.6 31251 7764 4146 10706 11315
0.7 31251 7764 4146 10706 11315
0.8 31251 7764 4146 10706 11315
0.9 31251 7764 4146 10706 11315
1 31251 7764 4146 10706 11315
1.1 31251 7764 4146 10706 11315
1.2 31251 7764 4146 10706 11315
1.3 31251 7764 4146 10706 11315
1.4 31251 7764 4146 10706 11315
1.5 31251 7764 4146 10706 11315
1.6 31251 7764 4146 10706 11315
1.7 31251 7764 4146 10706 11315
1.8 31251 7764 4146 10706 11315
1.9 31251 7764 4146 10706 11315
2 31251 7764 4146 10706 11315
2.1 31251 7764 4146 10706 11315
2.2 31251 7764 4146 10706 11315
2.3 31251 7764 4146 10706 11315
2.4 31251 7764 4146 10706 11315
2.5 31251 7764 4146 10706 11315
0.1 31251 9684 9966 11208 9083
0.2 31251 9684 9966 11208 9083
0.3 31251 9684 9966 11208 9083
0.4 31251 9684 9966 11208 9083
0.5 31251 9684 9966 11208 9083
0.6 31251 9684 9966 11208 9083
0.7 31251 9684 9966 11208 9083
0.8 31251 9684 9966 11208 9083
0.9 31251 9684 9966 11208 9083
1 31251 9684 9966 11208 9083
1.1 31251 9684 9966 11208 9083
1.2 31251 9684 9966 11208 9083
1.3 31251 9684 9966 11208 9083
1.4 31251 9684 9966 11208 9083
1.5 31251 9684 9966 11208 9083
1.6 31251 9684 9966 11208 9083
1.7 31251 9684 9966 11208 9083
1.8 31251 9684 9966 11208 9083
1.9 31251 9684 9966 11208 9083
2 31251 9684 9966 11208 9083
2.1 31251 9684 9966 11208 9083
2.2 31251 9684 9966 11208 9083
2.3 31251 9684 9966 11208 9083
2.4 31251 9684 9966 11208 9083
2.5 31251 9684 9966 11208 9083
0.1 31251 14007 7766 4287 13931
0.2 31251 14007 7766 4287 13931
0.3 31251 14007 7766 4287 13931
0.4 31251 14007 7766 4287 13931
0.5 31251 14007 7766 4287 13931
0.6 31251 14007 7766 4287 13931
0.7 31251 14007 7766 4287 13931
0.8 31251 14007 7766 4287 13931
0.9 31251 14007 7766 4287 13931
1 31251 14007 7766 4287 13931
1.1 31251 14007 7766 4287 13931
1.2 31251 14007 7766 4287 13931
1.3 31251 14007 7766 4287 13931
1.4 31251 14007 7766 4287 13931
1.5 31251 14007 7766 4287 13931
1.6 31251 14007 7766 4287 13931
1.7 31251 14007 7766 4287 13931
1.8 31251 14007 7766 4287 13931
1.9 31251 14007 7766 4287 13931
2 31251 14007 7766 4287 13931
2.1 31251 14007 7766 4287 13931
2.2 31251 14007 7766 4287 13931
2.3 31251 14007 7766 4287 13931
2.4 31251 14007 7766 4287 13931
2.5 31251 14007 7766 4287 13931
0.1 31251 11889 12047 5533 2026
0.2 31251 11889 12047 5533 2026
0.3 31251 11889 12047 5533 2026
0.4 31251 11889 12047 5533 2026
0.5 31251 11889 12047 5533 2026
0.6 31251 11889 12047 5533 2026
0.7 31251 11889 12047 5533 2026
0.8 31251 11889 12047 5533 2026
0.9 31251 11889 12047 5533 2026
1 31251 11889 12047 5533 2026
1.1 31251 11889 12047 5533 2026
1.2 31251 11889 12047 5533 2026
1.3 31251 11889 12047 5533 2026
1.4 31251 11889 12047 5533 2026
1.5 31251 11889 12047 5533 2026
1.6 31251 11889 12047 5533 2026
1.7 31251 11889 12047 5533 2026
1.8 31251 11889 12047 5533 2026
1.9 31251 11889 12047 5533 2026
2 31251 11889 12047 5533 2026
2.1 31251 11889 12047 5533 2026
2.2 31251 11889 12047 5533 2026
2.3 31251 11889 12047 5533 2026
2.4 31251 11889 12047 5533 2026
2.5 31251 11889 12047 5533 2026
0.1 31251 4267 1511 6155 14060
0.2 31251 4267 1511 6155 14060
0.3 31251 4267 1511 6155 14060
0.4 31251 4267 1511 6155 14060
0.5 31251 4267 1511 6155 14060
0.6 31251 4267 1511 6155 14060
0.7 31251 4267 1511 6155 14060
0.8 31251 4267 1511 6155 14060
0.9 31251 4267 1511 6155 14060
1 31251 4267 1511 6155 14060
1.1 31251 4267 1511 6155 14060
1.2 31251 4267 1511 6155 14060
1.3 31251 4267 1511 6155 14060
1.4 31251 4267 1511 6155 14060
1.5 31251 4267 1511 6155 14060
1.6 31251 4267 1511 6155 14060
1.7 31251 4267 1511 6155 14060
1.8 31251 4267 1511 6155 14060
1.9 31251 4267 1511 6155 14060
2 31251 4267 1511 6155 14060
2.1 31251 4267 1511 6155 14060
2.2 31251 4267 1511 6155 14060
2.3 31251 4267 1511 6155 14060
2.4 31251 4267 1511 6155 14060
2.5 31251 4267 1511 6155 14060
0.1 31251 7446 13933 1740 906
0.2 31251 7446 13933 1740 906
0.3 31251 7446 13933 1740 906
0.4 31251 7446 13933 1740 906
0.5 31251 7446 13933 1740 906
0.6 31251 7446 13933 1740 906
0.7 31251 7446 13933 1740 906
0.8 31251 7446 13933 1740 906
0.9 31251 7446 13933 1740 906
1 31251 7446 13933 1740 906
1.1 31251 7446 13933 1740 906
1.2 31251 7446 13933 1740 906
1.3 31251 7446 13933 1740 906
1.4 31251 7446 13933 1740 906
1.5 31251 7446 13933 1740 906
1.6 31251 7446 13933 1740 906
1.7 31251 7446 13933 1740 906
1.8 31251 7446 13933 1740 906
1.9 31251 7446 13933 1740 906
2 31251 7446 13933 1740 906
2.1 31251 7446 13933 1740 906
2.2 31251 7446 13933 1740 906
2.3 31251 7446 13933 1740 906
2.4 31251 7446 13933 1740 906
2.5 31251 7446 13933 1740 906
0.1 31251 3958 717 8672 11131
0.2 31251 3958 717 8672 11131
0.3 31251 3958 717 8672 11131
0.4 31251 3958 717 8672 11131
0.5 31251 3958 717 8672 11131
0.6 31251 3958 717 8672 11131
0.7 31251 3958 717 8672 11131
0.8 31251 3958 717 8672 11131
0.9 31251 3958 717 8672 11131
1 31251 3958 717 8672 11131
1.1 31251 3958 717 8672 11131
1.2 31251 3958 717 8672 11131
1.3 31251 3958 717 8672 11131
1.4 31251 3958 717 8672 11131
1.5 31251 3958 717 8672 11131
1.6 31251 3958 717 8672 11131
1.7 31251 3958 717 8672 11131
1.8 31251 3958 717 8672 11131
1.9 31251 3958 717 8672 11131
2 31251 3958 717 8672 11131
2.1 31251 3958 717 8672 11131
2.2 31251 3958 717 8672 11131
2.3 31251 3958 717 8672 11131
2.4 31251 3958 717 8672 11131
2.5 31251 3958 717 8672 11131
0.1 31251 10188 9156 13377 7031
0.2 31251 10188 9156 13377 7031
0.3 31251 10188 9156 13377 7031
0.4 31251 10188 9156 13377 7031
0.5 31251 10188 9156 13377 7031
0.6 31251 10188 9156 13377 7031
0.7 31251 10188 9156 13377 7031
0.8 31251 10188 9156 13377 7031
0.9 31251 10188 9156 13377 7031
1 31251 10188 9156 13377 7031
1.1 31251 10188 9156 13377 7031
1.2 31251 10188 9156 13377 7031
1.3 31251 10188 9156 13377 7031
1.4 31251 10188 9156 13377 7031
1.5 31251 10188 9156 13377 7031
1.6 31251 10188 9156 13377 7031
1.7 31251 10188 9156 13377 7031
1.8 31251 10188 9156 13377 7031
1.9 31251 10188 9156 13377 7031
2 31251 10188 9156 13377 7031
2.1 31251 10188 9156 13377 7031
2.2 31251 10188 9156 13377 7031
2.3 31251 10188 9156 13377 7031
2.4 31251 10188 9156 13377 7031
2.5 31251 10188 9156 13377 7031
0.1 31251 15316 9292 14264 14916
0.2 31251 15316 9292 14264 14916
0.3 31251 15316 9292 14264 14916
0.4 31251 15316 9292 14264 14916
0.5 31251 15316 9292 14264 14916
0.6 31251 15316 9292 14264 14916
0.7 31251 15316 9292 14264 14916
0.8 31251 15316 9292 14264 14916
0.9 31251 15316 9292 14264 14916
1 31251 15316 9292 14264 14916
1.1 31251 15316 9292 14264 14916
1.2 31251 15316 9292 14264 14916
1.3 31251 15316 9292 14264 14916
1.4 31251 15316 9292 14264 14916
1.5 31251 15316 9292 14264 14916
1.6 31251 15316 9292 14264 14916
1.7 31251 15316 9292 14264 14916
1.8 31251 15316 9292 14264 14916
1.9 31251 15316 9292 14264 14916
2 31251 15316 9292 14264 14916
2.1 31251 15316 9292 14264 14916
2.2 31251 15316 9292 14264 14916
2.3 31251 15316 9292 14264 14916
2.4 31251 15316 9292 14264 14916
2.5 31251 15316 9292 14264 14916
0.1 31251 6681 13439 5748 8986
0.2 31251 6681 13439 5748 8986
0.3 31251 6681 13439 5748 8986
0.4 31251 6681 13439 5748 8986
0.5 31251 6681 13439 5748 8986
0.6 31251 6681 13439 5748 8986
0.7 31251 6681 13439 5748 8986
0.8 31251 6681 13439 5748 8986
0.9 31251 6681 13439 5748 8986
1 31251 6681 13439 5748 8986
1.1 31251 6681 13439 5748 8986
1.2 31251 6681 13439 5748 8986
1.3 31251 6681 13439 5748 8986
1.4 31251 6681 13439 5748 8986
1.5 31251 6681 13439 5748 8986
1.6 31251 6681 13439 5748 8986
1.7 31251 6681 13439 5748 8986
1.8 31251 6681 13439 5748 8986
1.9 31251 6681 13439 5748 8986
2 31251 6681 13439 5748 8986
2.1 31251 6681 13439 5748 8986
2.2 31251 6681 13439 5748 8986
2.3 31251 6681 13439 5748 8986
2.4 31251 6681 13439 5748 8986
2.5 31251 6681 13439 5748 8986
0.1 31251 962 2937 12064 7939
0.2 31251 962 2937 12064 7939
0.3 31251 962 2937 12064 7939
0.4 31251 962 2937 12064 7939
0.5 31251 962 2937 12064 7939
0.6 31251 962 2937 12064 7939
0.7 31251 962 2937 12064 7939
0.8 31251 962 2937 12064 7939
0.9 31251 962 2937 12064 7939
1 31251 962 2937 12064 7939
1.1 31251 962 2937 12064 7939
1.2 31251 962 2937 12064 7939
1.3 31251 962 2937 12064 7939
1.4 31251 962 2937 12064 7939
1.5 31251 962 2937 12064 7939
1.6 31251 962 2937 12064 7939
1.7 31251 962 2937 12064 7939
1.8 31251 962 2937 12064 7939
1.9 31251 962 2937 12064 7939
2 31251 962 2937 12064 7939
2.1 31251 962 2937 12064 7939
2.2 31251 962 2937 12064 7939
2.3 31251 962 2937 12064 7939
2.4 31251 962 2937 12064 7939
2.5 31251 962 2937 12064 7939
0.1 31251 5744 2531 8091 7184
0.2 31251 5744 2531 8091 7184
0.3 31251 5744 2531 8091 7184
0.4 31251 5744 2531 8091 7184
0.5 31251 5744 2531 8091 7184
0.6 31251 5744 2531 8091 7184
0.7 31251 5744 2531 8091 7184
0.8 31251 5744 2531 8091 7184
0.9 31251 5744 2531 8091 7184
1 31251 5744 2531 8091 7184
1.1 31251 5744 2531 8091 7184
1.2 31251 5744 2531 8091 7184
1.3 31251 5744 2531 8091 7184
1.4 31251 5744 2531 8091 7184
1.5 31251 5744 2531 8091 7184
1.6 31251 5744 2531 8091 7184
1.7 31251 5744 2531 8091 7184
1.8 31251 5744 2531 8091 7184
1.9 31251 5744 2531 8091 7184
2 31251 5744 2531 8091 7184
2.1 31251 5744 2531 8091 7184
2.2 31251 5744 2531 8091 7184
2.3 31251 5744 2531 8091 7184
2.4 31251 5744 2531 8091 7184
2.5 31251 5744 2531 8091 7184
0.1 31251 5668 2638 7064 6336
0.2 31251 5668 2638 7064 6336
0.3 31251 5668 2638 7064 6336
0.4 31251 5668 2638 7064 6336
0.5 31251 5668 2638 7064 6336
0.6 31251 5668 2638 7064 6336
0.7 31251 5668 2638 7064 6336
0.8 31251 5668 2638 7064 6336
0.9 31251 5668 2638 7064 6336
1 31251 5668 2638 7064 6336
1.1 31251 5668 2638 7064 6336
1.2 31251 5668 2638 7064 6336
1.3 31251 5668 2638 7064 6336
1.4 31251 5668 2638 7064 6336
1.5 31251 5668 2638 7064 6336
1.6 31251 5668 2638 7064 6336
1.7 31251 5668 2638 7064 6336
1.8 31251 5668 2638 7064 6336
1.9 31251 5668 2638 7064 6336
2 31251 5668 2638 7064 6336
2.1 31251 5668 2638 7064 6336
2.2 31251 5668 2638 7064 6336
2.3 31251 5668 2638 7064 6336
2.4 31251 5668 2638 7064 6336
2.5 31251 5668 2638 7064 6336
0.1 31251 7059 14807 8610 5491
0.2 31251 7059 14807 8610 5491
0.3 31251 7059 14807 8610 5491
0.4 31251 7059 14807 8610 5491
0.5 31251 7059 14807 8610 5491
0.6 31251 7059 14807 8610 5491
0.7 31251 7059 14807 8610 5491
0.8 31251 7059 14807 8610 5491
0.9 31251 7059 14807 8610 5491
1 31251 7059 14807 8610 5491
1.1 31251 7059 14807 8610 5491
1.2 31251 7059 14807 8610 5491
1.3 31251 7059 14807 8610 5491
1.4 31251 7059 14807 8610 5491
1.5 31251 7059 14807 8610 5491
1.6 31251 7059 14807 8610 5491
1.7 31251 7059 14807 8610 5491
1.8 31251 7059 14807 8610 5491
1.9 31251 7059 14807 8610 5491
2 31251 7059 14807 8610 5491
2.1 31251 7059 14807 8610 5491
2.2 31251 7059 14807 8610 5491
2.3 31251 7059 14807 8610 5491
2.4 31251 7059 14807 8610 5491
2.5 31251 7059 14807 8610 5491
0.1 31251 13991 6989 12461 4041
0.2 31251 13991 6989 12461 4041
0.3 31251 13991 6989 12461 4041
0.4 31251 13991 6989 12461 4041
0.5 31251 13991 6989 12461 4041
0.6 31251 13991 6989 12461 4041
0.7 31251 13991 6989 12461 4041
0.8 31251 13991 6989 12461 4041
0.9 31251 13991 6989 12461 4041
1 31251 13991 6989 12461 4041
1.1 31251 13991 6989 12461 4041
1.2 31251 13991 6989 12461 4041
1.3 31251 13991 6989 12461 4041
1.4 31251 13991 6989 12461 4041
1.5 31251 13991 6989 12461 4041
1.6 31251 13991 6989 12461 4041
1.7 31251 13991 6989 12461 4041
1.8 31251 13991 6989 12461 4041
1.9 31251 13991 6989 12461 4041
2 31251 13991 6989 12461 4041
2.1 31251 13991 6989 12461 4041
2.2 31251 13991 6989 12461 4041
2.3 31251 13991 6989 12461 4041
2.4 31251 13991 6989 12461 4041
2.5 31251 13991 6989 12461 4041
0.1 31251 13476 14554 4107 5939
0.2 31251 13476 14554 4107 5939
0.3 31251 13476 14554 4107 5939
0.4 31251 13476 14554 4107 5939
0.5 31251 13476 14554 4107 5939
0.6 31251 13476 14554 4107 5939
0.7 31251 13476 14554 4107 5939
0.8 31251 13476 14554 4107 5939
0.9 31251 13476 14554 4107 5939
1 31251 13476 14554 4107 5939
1.1 31251 13476 14554 4107 5939
1.2 31251 13476 14554 4107 5939
1.3 31251 13476 14554 4107 5939
1.4 31251 13476 14554 4107 5939
1.5 31251 13476 14554 4107 5939
1.6 31251 13476 14554 4107 5939
1.7 31251 13476 14554 4107 5939
1.8 31251 13476 14554 4107 5939
1.9 31251 13476 14554 4107 5939
2 31251 13476 14554 4107 5939
2.1 31251 13476 14554 4107 5939
2.2 31251 13476 14554 4107 5939
2.3 31251 13476 14554 4107 5939
2.4 31251 13476 14554 4107 5939
2.5 31251 13476 14554 4107 5939
0.1 31251 7656 14451 3931 6226
0.2 31251 7656 14451 3931 6226
0.3 31251 7656 14451 3931 6226
0.4 31251 7656 14451 3931 6226
0.5 31251 7656 14451 3931 6226
0.6 31251 7656 14451 3931 6226
0.7 31251 7656 14451 3931 6226
0.8 31251 7656 14451 3931 6226
0.9 31251 7656 14451 3931 6226
1 31251 7656 14451 3931 6226
1.1 31251 7656 14451 3931 6226
1.2 31251 7656 14451 3931 6226
1.3 31251 7656 14451 3931 6226
1.4 31251 7656 14451 3931 6226
1.5 31251 7656 14451 3931 6226
1.6 31251 7656 14451 3931 6226
1.7 31251 7656 14451 3931 6226
1.8 31251 7656 14451 3931 6226
1.9 31251 7656 14451 3931 6226
2 31251 7656 14451 3931 6226
2.1 31251 7656 14451 3931 6226
2.2 31251 7656 14451 3931 6226
2.3 31251 7656 14451 3931 6226
2.4 31251 7656 14451 3931 6226
2.5 31251 7656 14451 3931 6226
0.1 31251 10512 9639 7083 4077
0.2 31251 10512 9639 7083 4077
0.3 31251 10512 9639 7083 4077
0.4 31251 10512 9639 7083 4077
0.5 31251 10512 9639 7083 4077
0.6 31251 10512 9639 7083 4077
0.7 31251 10512 9639 7083 4077
0.8 31251 10512 9639 7083 4077
0.9 31251 10512 9639 7083 4077
1 31251 10512 9639 7083 4077
1.1 31251 10512 9639 7083 4077
1.2 31251 10512 9639 7083 4077
1.3 31251 10512 9639 7083 4077
1.4 31251 10512 9639 7083 4077
1.5 31251 10512 9639 7083 4077
1.6 31251 10512 9639 7083 4077
1.7 31251 10512 9639 7083 4077
1.8 31251 10512 9639 7083 4077
1.9 31251 10512 9639 7083 4077
2 31251 10512 9639 7083 4077
2.1 31251 10512 9639 7083 4077
2.2 31251 10512 9639 7083 4077
2.3 31251 10512 9639 7083 4077
2.4 31251 10512 9639 7083 4077
2.5 31251 10512 9639 7083 4077
0.1 31251 8588 7046 9158 7342
0.2 31251 8588 7046 9158 7342
0.3 31251 8588 7046 9158 7342
0.4 31251 8588 7046 9158 7342
0.5 31251 8588 7046 9158 7342
0.6 31251 8588 7046 9158 7342
0.7 31251 8588 7046 9158 7342
0.8 31251 8588 7046 9158 7342
0.9 31251 8588 7046 9158 7342
1 31251 8588 7046 9158 7342
1.1 31251 8588 7046 9158 7342
1.2 31251 8588 7046 9158 7342
1.3 12931 8588 7046 9158 7342
1.4 31251 8588 7046 9158 7342
1.5 18217 8588 7046 9158 7342
1.6 31251 8588 7046 9158 7342
1.7 31251 8588 7046 9158 7342
1.8 31251 8588 7046 9158 7342
1.9 31251 8588 7046 9158 7342
2 31251 8588 7046 9158 7342
2.1 24620 8588 7046 9158 7342
2.2 31251 8588 7046 9158 7342
2.3 31251 8588 7046 9158 7342
2.4 31251 8588 7046 9158 7342
2.5 31251 8588 7046 9158 7342
0.1 31251 10291 10219 10210 9695
0.2 31251 10291 10219 10210 9695
0.3 31251 10291 10219 10210 9695
0.4 31251 10291 10219 10210 9695
0.5 31251 10291 10219 10210 9695
0.6 31251 10291 10219 10210 9695
0.7 31251 10291 10219 10210 9695
0.8 25674 10291 10219 10210 9695
0.9 31251 10291 10219 10210 9695
1 31251 10291 10219 10210 9695
1.1 31251 10291 10219 10210 9695
1.2 31251 10291 10219 10210 9695
1.3 31251 10291 10219 10210 9695
1.4 31251 10291 10219 10210 9695
1.5 31251 10291 10219 10210 9695
1.6 31251 10291 10219 10210 9695
1.7 7928 10291 10219 10210 9695
1.8 31251 10291 10219 10210 9695
1.9 31251 10291 10219 10210 9695
2 31251 10291 10219 10210 9695
2.1 31251 10291 10219 10210 9695
2.2 31251 10291 10219 10210 9695
2.3 31251 10291 10219 10210 9695
2.4 31251 10291 10219 10210 9695
2.5 31251 10291 10219 10210 9695
0.1 31251 4037 13056 3041 1563
0.2 31251 4037 13056 3041 1563
0.3 31251 4037 13056 3041 1563
0.4 31251 4037 13056 3041 1563
0.5 31251 4037 13056 3041 1563
0.6 31251 4037 13056 3041 1563
0.7 31251 4037 13056 3041 1563
0.8 31251 4037 13056 3041 1563
0.9 31251 4037 13056 3041 1563
1 31251 4037 13056 3041 1563
1.1 31251 4037 13056 3041 1563
1.2 31251 4037 13056 3041 1563
1.3 31251 4037 13056 3041 1563
1.4 31251 4037 13056 3041 1563
1.5 31251 4037 13056 3041 1563
1.6 31251 4037 13056 3041 1563
1.7 31251 4037 13056 3041 1563
1.8 31251 4037 13056 3041 1563
1.9 31251 4037 13056 3041 1563
2 31251 4037 13056 3041 1563
2.1 31251 4037 13056 3041 1563
2.2 31251 4037 13056 3041 1563
2.3 31251 4037 13056 3041 1563
2.4 31251 4037 13056 3041 1563
2.5 31251 4037 13056 3041 1563
0.1 31251 14056 7691 1651 756
0.2 31251 14056 7691 1651 756
0.3 31251 14056 7691 1651 756
0.4 31251 14056 7691 1651 756
0.5 31251 14056 7691 1651 756
0.6 31251 14056 7691 1651 756
0.7 31251 14056 7691 1651 756
0.8 31251 14056 7691 1651 756
0.9 31251 14056 7691 1651 756
1 31251 14056 7691 1651 756
1.1 31251 14056 7691 1651 756
1.2 31251 14056 7691 1651 756
1.3 31251 14056 7691 1651 756
1.4 31251 14056 7691 1651 756
1.5 31251 14056 7691 1651 756
1.6 31251 14056 7691 1651 756
1.7 31251 14056 7691 1651 756
1.8 31251 14056 7691 1651 756
1.9 31251 14056 7691 1651 756
2 31251 14056 7691 1651 756
2.1 31251 14056 7691 1651 756
2.2 31251 14056 7691 1651 756
2.3 31251 14056 7691 1651 756
2.4 31251 14056 7691 1651 756
2.5 31251 14056 7691 1651 756
0.1 31251 4233 2353 11409 6879
0.2 31251 4233 2353 11409 6879
0.3 31251 4233 2353 11409 6879
0.4 31251 4233 2353 11409 6879
0.5 31251 4233 2353 11409 6879
0.6 31251 4233 2353 11409 6879
0.7 31251 4233 2353 11409 6879
0.8 31251 4233 2353 11409 6879
0.9 31251 4233 2353 11409 6879
1 31251 4233 2353 11409 6879
1.1 31251 4233 2353 11409 6879
1.2 31251 4233 2353 11409 6879
1.3 31251 4233 2353 11409 6879
1.4 31251 4233 2353 11409 6879
1.5 31251 4233 2353 11409 6879
1.6 31251 4233 2353 11409 6879
1.7 31251 4233 2353 11409 6879
1.8 31251 4233 2353 11409 6879
1.9 31251 4233 2353 11409 6879
2 31251 4233 2353 11409 6879
2.1 31251 4233 2353 11409 6879
2.2 31251 4233 2353 11409 6879
2.3 31251 4233 2353 11409 6879
2.4 31251 4233 2353 11409 6879
2.5 31251 4233 2353 11409 6879
0.1 31251 13913 14587 9846 3463
0.2 31251 13913 14587 9846 3463
0.3 31251 13913 14587 9846 3463
0.4 31251 13913 14587 9846 3463
0.5 31251 13913 14587 9846 3463
0.6 31251 13913 14587 9846 3463
0.7 31251 13913 14587 9846 3463
0.8 31251 13913 14587 9846 3463
0.9 31251 13913 14587 9846 3463
1 31251 13913 14587 9846 3463
1.1 31251 13913 14587 9846 3463
1.2 31251 13913 14587 9846 3463
1.3 31251 13913 14587 9846 3463
1.4 31251 13913 14587 9846 3463
1.5 31251 13913 14587 9846 3463
1.6 31251 13913 14587 9846 3463
1.7 31251 13913 14587 9846 3463
1.8 31251 13913 14587 9846 3463
1.9 31251 13913 14587 9846 3463
2 31251 13913 14587 9846 3463
2.1 31251 13913 14587 9846 3463
2.2 31251 13913 14587 9846 3463
2.3 31251 13913 14587 9846 3463
2.4 31251 13913 14587 9846 3463
2.5 31251 13913 14587 9846 3463
0.1 31251 4180 15430 36 237
0.2 31251 4180 15430 36 237
0.3 31251 4180 15430 36 237
0.4 31251 4180 15430 36 237
0.5 31251 4180 15430 36 237
0.6 31251 4180 15430 36 237
0.7 31251 4180 15430 36 237
0.8 31251 4180 15430 36 237
0.9 31251 4180 15430 36 237
1 31251 4180 15430 36 237
1.1 31251 4180 15430 36 237
1.2 31251 4180 15430 36 237
1.3 31251 4180 15430 36 237
1.4 31251 4180 15430 36 237
1.5 31251 4180 15430 36 237
1.6 31251 4180 15430 36 237
1.7 31251 4180 15430 36 237
1.8 31251 4180 15430 36 237
1.9 31251 4180 15430 36 237
2 31251 4180 15430 36 237
2.1 31251 4180 15430 36 237
2.2 31251 4180 15430 36 237
2.3 31251 4180 15430 36 237
2.4 31251 4180 15430 36 237
2.5 31251 4180 15430 36 237
0.1 31251 11209 7691 1855 4740
0.2 31251 11209 7691 1855 4740
0.3 31251 11209 7691 1855 4740
0.4 31251 11209 7691 1855 4740
0.5 31251 11209 7691 1855 4740
0.6 31251 11209 7691 1855 4740
0.7 31251 11209 7691 1855 4740
0.8 31251 11209 7691 1855 4740
0.9 31251 11209 7691 1855 4740
1 31251 11209 7691 1855 4740
1.1 31251 11209 7691 1855 4740
1.2 31251 11209 7691 1855 4740
1.3 31251 11209 7691 1855 4740
1.4 31251 11209 7691 1855 4740
1.5 31251 11209 7691 1855 4740
1.6 31251 11209 7691 1855 4740
1.7 31251 11209 7691 1855 4740
1.8 31251 11209 7691 1855 4740
1.9 31251 11209 7691 1855 4740
2 31251 11209 7691 1855 4740
2.1 31251 11209 7691 1855 4740
2.2 31251 11209 7691 1855 4740
2.3 31251 11209 7691 1855 4740
2.4 31251 11209 7691 1855 4740
2.5 31251 11209 7691 1855 4740
0.1 31251 10556 8025 15244 15289
0.2 31251 10556 8025 15244 15289
0.3 31251 10556 8025 15244 15289
0.4 31251 10556 8025 15244 15289
0.5 31251 10556 8025 15244 15289
0.6 31251 10556 8025 15244 15289
0.7 31251 10556 8025 15244 15289
0.8 31251 10556 8025 15244 15289
0.9 31251 10556 8025 15244 15289
1 31251 10556 8025 15244 15289
1.1 31251 10556 8025 15244 15289
1.2 31251 10556 8025 15244 15289
1.3 31251 10556 8025 15244 15289
1.4 31251 10556 8025 15244 15289
1.5 31251 10556 8025 15244 15289
1.6 31251 10556 8025 15244 15289
1.7 31251 10556 8025 15244 15289
1.8 31251 10556 8025 15244 15289
1.9 31251 10556 8025 15244 15289
2 31251 10556 8025 15244 15289
2.1 31251 10556 8025 15244 15289
2.2 31251 10556 8025 15244 15289
2.3 31251 10556 8025 15244 15289
2.4 31251 10556 8025 15244 15289
2.5 31251 10556 8025 15244 15289
0.1 31251 14332 14091 8112 4941
0.2 31251 14332 14091 8112 4941
0.3 31251 14332 14091 8112 4941
0.4 31251 14332 14091 8112 4941
0.5 31251 14332 14091 8112 4941
0.6 31251 14332 14091 8112 4941
0.7 31251 14332 14091 8112 4941
0.8 31251 14332 14091 8112 4941
0.9 31251 14332 14091 8112 4941
1 31251 14332 14091 8112 4941
1.1 31251 14332 14091 8112 4941
1.2 31251 14332 14091 8112 4941
1.3 31251 14332 14091 8112 4941
1.4 31251 14332 14091 8112 4941
1.5 31251 14332 14091 8112 4941
1.6 31251 14332 14091 8112 4941
1.7 31251 14332 14091 8112 4941
1.8 31251 14332 14091 8112 4941
1.9 31251 14332 14091 8112 4941
2 31251 14332 14091 8112 4941
2.1 31251 14332 14091 8112 4941
2.2 31251 14332 14091 8112 4941
2.3 31251 14332 14091 8112 4941
2.4 31251 14332 14091 8112 4941
2.5 31251 14332 14091 8112 4941
0.1 31251 4231 14172 10933 12232
0.2 31251 4231 14172 10933 12232
0.3 31251 4231 14172 10933 12232
0.4 31251 4231 14172 10933 12232
0.5 31251 4231 14172 10933 12232
0.6 31251 4231 14172 10933 12232
0.7 31251 4231 14172 10933 12232
0.8 31251 4231 14172 10933 12232
0.9 31251 4231 14172 10933 12232
1 31251 4231 14172 10933 12232
1.1 31251 4231 14172 10933 12232
1.2 31251 4231 14172 10933 12232
1.3 31251 4231 14172 10933 12232
1.4 31251 4231 14172 10933 12232
1.5 31251 4231 14172 10933 12232
1.6 31251 4231 14172 10933 12232
1.7 31251 4231 14172 10933 12232
1.8 31251 4231 14172 10933 12232
1.9 31251 4231 14172 10933 12232
2 31251 4231 14172 10933 12232
2.1 31251 4231 14172 10933 12232
2.2 31251 4231 14172 10933 12232
2.3 31251 4231 14172 10933 12232
2.4 31251 4231 14172 10933 12232
2.5 31251 4231 14172 10933 12232
0.1 31251 2662 1018 8680 11400
0.2 31251 2662 1018 8680 11400
0.3 31251 2662 1018 8680 11400
0.4 31251 2662 1018 8680 11400
0.5 31251 2662 1018 8680 11400
0.6 31251 2662 1018 8680 11400
0.7 31251 2662 1018 8680 11400
0.8 31251 2662 1018 8680 11400
0.9 31251 2662 1018 8680 11400
1 31251 2662 1018 8680 11400
1.1 31251 2662 1018 8680 11400
1.2 31251 2662 1018 8680 11400
1.3 31251 2662 1018 8680 11400
1.4 31251 2662 1018 8680 11400
1.5 31251 2662 1018 8680 11400
1.6 31251 2662 1018 8680 11400
1.7 31251 2662 1018 8680 11400
1.8 31251 2662 1018 8680 11400
1.9 31251 2662 1018 8680 11400
2 31251 2662 1018 8680 11400
2.1 31251 2662 1018 8680 11400
2.2 31251 2662 1018 8680 11400
2.3 31251 2662 1018 8680 11400
2.4 31251 2662 1018 8680 11400
2.5 31251 2662 1018 8680 11400
0.1 31251 6531 3747 10538 4588
0.2 31251 6531 3747 10538 4588
0.3 31251 6531 3747 10538 4588
0.4 31251 6531 3747 10538 4588
0.5 31251 6531 3747 10538 4588
0.6 31251 6531 3747 10538 4588
0.7 31251 6531 3747 10538 4588
0.8 31251 6531 3747 10538 4588
0.9 31251 6531 3747 10538 4588
1 31251 6531 3747 10538 4588
1.1 31251 6531 3747 10538 4588
1.2 31251 6531 3747 10538 4588
1.3 31251 6531 3747 10538 4588
1.4 31251 6531 3747 10538 4588
1.5 31251 6531 3747 10538 4588
1.6 31251 6531 3747 10538 4588
1.7 31251 6531 3747 10538 4588
1.8 31251 6531 3747 10538 4588
1.9 31251 6531 3747 10538 4588
2 31251 6531 3747 10538 4588
2.1 31251 6531 3747 10538 4588
2.2 31251 6531 3747 10538 4588
2.3 31251 6531 3747 10538 4588
2.4 31251 6531 3747 10538 4588
2.5 31251 6531 3747 10538 4588
0.1 31251 10673 3863 6332 13199
0.2 31251 10673 3863 6332 13199
0.3 31251 10673 3863 6332 13199
0.4 31251 10673 3863 6332 13199
0.5 31251 10673 3863 6332 13199
0.6 31251 10673 3863 6332 13199
0.7 31251 10673 3863 6332 13199
0.8 31251 10673 3863 6332 13199
0.9 31251 10673 3863 6332 13199
1 31251 10673 3863 6332 13199
1.1 31251 10673 3863 6332 13199
1.2 31251 10673 3863 6332 13199
1.3 31251 10673 3863 6332 13199
1.4 31251 10673 3863 6332 13199
1.5 31251 10673 3863 6332 13199
1.6 31251 10673 3863 6332 13199
1.7 31251 10673 3863 6332 13199
1.8 31251 10673 3863 6332 13199
1.9 31251 10673 3863 6332 13199
2 31251 10673 3863 6332 13199
2.1 31251 10673 3863 6332 13199
2.2 31251 10673 3863 6332 13199
2.3 31251 10673 3863 6332 13199
2.4 31251 10673 3863 6332 13199
2.5 31251 10673 3863 6332 13199
0.1 31251 10163 7342 1742 5367
0.2 31251 10163 7342 1742 5367
0.3 31251 10163 7342 1742 5367
0.4 31251 10163 7342 1742 5367
0.5 31251 10163 7342 1742 5367
0.6 31251 10163 7342 1742 5367
0.7 31251 10163 7342 1742 5367
0.8 31251 10163 7342 1742 5367
0.9 31251 10163 7342 1742 5367
1 31251 10163 7342 1742 5367
1.1 31251 10163 7342 1742 5367
1.2 31251 10163 7342 1742 5367
1.3 31251 10163 7342 1742 5367
1.4 31251 10163 7342 1742 5367
1.5 31251 10163 7342 1742 5367
1.6 31251 10163 7342 1742 5367
1.7 31251 10163 7342 1742 5367
1.8 31251 10163 7342 1742 5367
1.9 31251 10163 7342 1742 5367
2 31251 10163 7342 1742 5367
2.1 31251 10163 7342 1742 5367
2.2 31251 10163 7342 1742 5367
2.3 31251 10163 7342 1742 5367
2.4 31251 10163 7342 1742 5367
2.5 31251 10163 7342 1742 5367
0.1 31251 8113 5916 9906 4333
0.2 31251 8113 5916 9906 4333
0.3 31251 8113 5916 9906 4333
0.4 31251 8113 5916 9906 4333
0.5 31251 8113 5916 9906 4333
0.6 31251 8113 5916 9906 4333
0.7 31251 8113 5916 9906 4333
0.8 31251 8113 5916 9906 4333
0.9 31251 8113 5916 9906 4333
1 31251 8113 5916 9906 4333
1.1 31251 8113 5916 9906 4333
1.2 31251 8113 5916 9906 4333
1.3 31251 8113 5916 9906 4333
1.4 31251 8113 5916 9906 4333
1.5 31251 8113 5916 9906 4333
1.6 31251 8113 5916 9906 4333
1.7 31251 8113 5916 9906 4333
1.8 31251 8113 5916 9906 4333
1.9 31251 8113 5916 9906 4333
2 31251 8113 5916 9906 4333
2.1 31251 8113 5916 9906 4333
2.2 31251 8113 5916 9906 4333
2.3 31251 8113 5916 9906 4333
2.4 31251 8113 5916 9906 4333
2.5 31251 8113 5916 9906 4333
0.1 31251 13613 14107 14145 7881
0.2 31251 13613 14107 14145 7881
0.3 31251 13613 14107 14145 7881
0.4 31251 13613 14107 14145 7881
0.5 31251 13613 14107 14145 7881
0.6 31251 13613 14107 14145 7881
0.7 31251 13613 14107 14145 7881
0.8 31251 13613 14107 14145 7881
0.9 31251 13613 14107 14145 7881
1 31251 13613 14107 14145 7881
1.1 31251 13613 14107 14145 7881
1.2 31251 13613 14107 14145 7881
1.3 31251 13613 14107 14145 7881
1.4 31251 13613 14107 14145 7881
1.5 31251 13613 14107 14145 7881
1.6 31251 13613 14107 14145 7881
1.7 31251 13613 14107 14145 7881
1.8 31251 13613 14107 14145 7881
1.9 31251 13613 14107 14145 7881
2 31251 13613 14107 14145 7881
2.1 31251 13613 14107 14145 7881
2.2 31251 13613 14107 14145 7881
2.3 31251 13613 14107 14145 7881
2.4 31251 13613 14107 14145 7881
2.5 31251 13613 14107 14145 7881
0.1 31251 680 1481 12811 12855
0.2 31251 680 1481 12811 12855
0.3 31251 680 1481 12811 12855
0.4 31251 680 1481 12811 12855
0.5 31251 680 1481 12811 12855
0.6 31251 680 1481 12811 12855
0.7 31251 680 1481 12811 12855
0.8 31251 680 1481 12811 12855
0.9 31251 680 1481 12811 12855
1 31251 680 1481 12811 12855
1.1 31251 680 1481 12811 12855
1.2 31251 680 1481 12811 12855
1.3 31251 680 1481 12811 12855
1.4 31251 680 1481 12811 12855
1.5 31251 680 1481 12811 12855
1.6 31251 680 1481 12811 12855
1.7 31251 680 1481 12811 12855
1.8 31251 680 1481 12811 12855
1.9 31251 680 1481 12811 12855
2 31251 680 1481 12811 12855
2.1 31251 680 1481 12811 12855
2.2 31251 680 1481 12811 12855
2.3 31251 680 1481 12811 12855
2.4 31251 680 1481 12811 12855
2.5 31251 680 1481 12811 12855
0.1 31251 13680 12846 6118 4616
0.2 31251 13680 12846 6118 4616
0.3 31251 13680 12846 6118 4616
0.4 31251 13680 12846 6118 4616
0.5 31251 13680 12846 6118 4616
0.6 31251 13680 12846 6118 4616
0.7 31251 13680 12846 6118 4616
0.8 31251 13680 12846 6118 4616
0.9 31251 13680 12846 6118 4616
1 31251 13680 12846 6118 4616
1.1 31251 13680 12846 6118 4616
1.2 31251 13680 12846 6118 4616
1.3 31251 13680 12846 6118 4616
1.4 31251 13680 12846 6118 4616
1.5 31251 13680 12846 6118 4616
1.6 31251 13680 12846 6118 4616
1.7 31251 13680 12846 6118 4616
1.8 31251 13680 12846 6118 4616
1.9 31251 13680 12846 6118 4616
2 31251 13680 12846 6118 4616
2.1 31251 13680 12846 6118 4616
2.2 31251 13680 12846 6118 4616
2.3 31251 13680 12846 6118 4616
2.4 31251 13680 12846 6118 4616
2.5 31251 13680 12846 6118 4616
0.1 31251 5336 2091 6572 9613
0.2 31251 5336 2091 6572 9613
0.3 31251 5336 2091 6572 9613
0.4 31251 5336 2091 6572 9613
0.5 31251 5336 2091 6572 9613
0.6 31251 5336 2091 6572 9613
0.7 31251 5336 2091 6572 9613
0.8 31251 5336 2091 6572 9613
0.9 31251 5336 2091 6572 9613
1 31251 5336 2091 6572 9613
1.1 31251 5336 2091 6572 9613
1.2 31251 5336 2091 6572 9613
1.3 31251 5336 2091 6572 9613
1.4 31251 5336 2091 6572 9613
1.5 31251 5336 2091 6572 9613
1.6 31251 5336 2091 6572 9613
1.7 31251 5336 2091 6572 9613
1.8 31251 5336 2091 6572 9613
1.9 31251 5336 2091 6572 9613
2 31251 5336 2091 6572 9613
2.1 31251 5336 2091 6572 9613
2.2 31251 5336 2091 6572 9613
2.3 31251 5336 2091 6572 9613
2.4 31251 5336 2091 6572 9613
2.5 31251 5336 2091 6572 9613
0.1 31251 10586 7069 5828 10081
0.2 31251 10586 7069 5828 10081
0.3 31251 10586 7069 5828 10081
0.4 31251 10586 7069 5828 10081
0.5 31251 10586 7069 5828 10081
0.6 31251 10586 7069 5828 10081
0.7 31251 10586 7069 5828 10081
0.8 31251 10586 7069 5828 10081
0.9 31251 10586 7069 5828 10081
1 31251 10586 7069 5828 10081
1.1 31251 10586 7069 5828 10081
1.2 31251 10586 7069 5828 10081
1.3 31251 10586 7069 5828 10081
1.4 31251 10586 7069 5828 10081
1.5 31251 10586 7069 5828 10081
1.6 31251 10586 7069 5828 10081
1.7 31251 10586 7069 5828 10081
1.8 31251 10586 7069 5828 10081
1.9 31251 10586 7069 5828 10081
2 31251 10586 7069 5828 10081
2.1 31251 10586 7069 5828 10081
2.2 31251 10586 7069 5828 10081
2.3 31251 10586 7069 5828 10081
2.4 31251 10586 7069 5828 10081
2.5 31251 10586 7069 5828 10081
